      105.00     2645.00     8.07500   7592.4000      703.00
      119.00     2540.00     7.81900   6613.5200      722.00
      119.00     2565.00     7.36600   6922.4400      738.00
      109.00     2776.00     8.11300   7761.3300      747.00
      117.00     2725.00     7.38000   7127.2000      755.00
      135.00     2623.00     7.13400   6778.2000      780.00
      126.00     2722.00     7.22200   7737.6000      806.00
      112.00     3004.00     7.76800   9102.9600      807.00
      116.00     2952.00     7.38600   9016.0000      805.00
      122.00     2968.00     6.96500   7961.9400      801.00
      115.00     2961.00     6.47800   9203.4100      821.00
      115.00     3243.00     8.10500   9457.2100      809.00
      122.00     3027.00     8.06000   7706.9900      797.00
      138.00     2902.00     7.68400   6539.9700      831.00
      135.00     3057.00     7.58000   7066.0500      867.00
      125.00     3331.00     7.09300   7611.4600      862.00
      115.00     3266.00     6.12900   9154.2100      871.00
      108.00     3290.00     6.02600   7801.9200      864.00
      100.00     3223.00     6.67900   8480.2200      854.00
       96.00     3501.00     7.41400   8688.4200      846.00
      107.00     3402.00     7.11200   8164.2400      854.00
      115.00     3278.00     7.76200   7437.7400      851.00
      123.00     3258.00     7.64500   9040.3200      876.00
      122.00     3400.00     8.63900   9031.5600      876.00
      128.00     3303.00     7.66700   8853.3600      888.00
      136.00     3228.00     8.08000   8117.9700      903.00
      140.00     3269.00     6.67800  11266.8400      922.00
      122.00     3396.00     6.73900  11635.8000      902.00
      102.00     3396.00     5.56900  11480.0000      820.00
      103.00     3386.00     5.04900  10458.6300      819.00
       89.00     3385.00     5.64200  10050.1700      797.00
       77.00     3262.00     6.80800   9132.1600      751.00
       89.00     3113.00     6.63600   8291.8800      743.00
       94.00     2851.00     8.24100   6621.6000      744.00
      104.00     2752.00     7.96800   7649.2800      747.00
      108.00     2919.00     8.04400   7861.5600      764.00
      119.00     2842.00     7.79100   7612.7700      759.00
      126.00     2834.00     7.02400   7303.3500      807.00
      119.00     2957.00     6.10200   9576.0000      798.00
      103.00     3305.00     6.05300  10299.7000      811.00
       96.00     3256.00     5.94100   9738.4000      752.00
       95.00     3151.00     5.38600   8896.0900      761.00
       80.00     3141.00     5.81100   9095.3500      719.00
       88.00     3266.00     6.71600   9047.6100      741.00
       93.00     3061.00     6.92300   7956.6000      745.00
      105.00     3018.00     6.93900   7999.0800      764.00
      107.00     3085.00     6.70500   8442.2000      764.00
      100.00     3242.00     6.91400   8103.6600      786.00
