-0.10900  53.80000
   0.00000  53.60000
   0.17800  53.50000
   0.33900  53.50000
   0.37300  53.40000
   0.44100  53.10000
   0.46100  52.70000
   0.34800  52.40000
   0.12700  52.20000
  -0.18000  52.00000
  -0.58800  52.00000
  -1.05500  52.40000
  -1.42100  53.00000
  -1.52000  54.00000
  -1.30200  54.90000
  -0.81400  56.00000
  -0.47500  56.80000
  -0.19300  56.80000
   0.08800  56.40000
   0.43500  55.70000
   0.77100  55.00000
   0.86600  54.30000
   0.87500  53.20000
   0.89100  52.30000
   0.98700  51.60000
   1.26300  51.20000
   1.77500  50.80000
   1.97600  50.50000
   1.93400  50.00000
   1.86600  49.20000
   1.83200  48.40000
   1.76700  47.90000
   1.60800  47.60000
   1.26500  47.50000
   0.79000  47.50000
   0.36000  47.60000
   0.11500  48.10000
   0.08800  49.00000
   0.33100  50.00000
   0.64500  51.10000
   0.96000  51.80000
   1.40900  51.90000
   2.67000  51.70000
   2.83400  51.20000
   2.81200  50.00000
   2.48300  48.30000
   1.92900  47.00000
   1.48500  45.80000
   1.21400  45.60000
   1.23900  46.00000
   1.60800  46.90000
   1.90500  47.80000
   2.02300  48.20000
   1.81500  48.30000
   0.53500  47.90000
   0.12200  47.20000
   0.00900  47.20000
   0.16400  48.10000
   0.67100  49.40000
   1.01900  50.60000
   1.14600  51.50000
   1.15500  51.60000
   1.11200  51.20000
   1.12100  50.50000
   1.22300  50.10000
   1.25700  49.80000
   1.15700  49.60000
   0.91300  49.40000
   0.62000  49.30000
   0.25500  49.20000
  -0.28000  49.30000
  -1.08000  49.70000
  -1.55100  50.30000
  -1.79900  51.30000
  -1.82500  52.80000
  -1.45600  54.40000
  -0.94400  56.00000
  -0.57000  56.90000
  -0.43100  57.50000
  -0.57700  57.30000
  -0.96000  56.60000
  -1.61600  56.00000
  -1.87500  55.40000
  -1.89100  55.40000
  -1.74600  56.40000
  -1.47400  57.20000
  -1.20100  58.00000
  -0.92700  58.40000
  -0.52400  58.40000
   0.04000  58.10000
   0.78800  57.70000
   0.94300  57.00000
   0.93000  56.00000
   1.00600  54.70000
   1.13700  53.20000
   1.19800  52.10000
   1.05400  51.60000
   0.59500  51.00000
  -0.08000  50.50000
  -0.31400  50.40000
  -0.28800  51.00000
  -0.15300  51.80000
  -0.10900  52.40000
  -0.18700  53.00000
  -0.25500  53.40000
  -0.22900  53.60000
  -0.00700  53.70000
   0.25400  53.80000
   0.33000  53.80000
   0.10200  53.80000
  -0.42300  53.30000
  -1.13900  53.00000
  -2.27500  52.90000
  -2.59400  53.40000
  -2.71600  54.60000
  -2.51000  56.40000
  -1.79000  58.00000
  -1.34600  59.40000
  -1.08100  60.20000
  -0.91000  60.00000
  -0.87600  59.40000
  -0.88500  58.40000
  -0.80000  57.60000
  -0.54400  56.90000
  -0.41600  56.40000
  -0.27100  56.00000
   0.00000  55.70000
   0.40300  55.30000
   0.84100  55.00000
   1.28500  54.40000
   1.60700  53.70000
   1.74600  52.80000
   1.68300  51.60000
   1.48500  50.60000
   0.99300  49.40000
   0.64800  48.80000
   0.57700  48.50000
   0.57700  48.70000
   0.63200  49.20000
   0.74700  49.80000
   0.90000  50.40000
   0.99300  50.70000
   0.96800  50.90000
   0.79000  50.70000
   0.39900  50.50000
  -0.16100  50.40000
  -0.55300  50.20000
  -0.60300  50.40000
  -0.42400  51.20000
  -0.19400  52.30000
  -0.04900  53.20000
   0.06000  53.90000
   0.16100  54.10000
   0.30100  54.00000
   0.51700  53.60000
   0.56600  53.20000
   0.56000  53.00000
   0.57300  52.80000
   0.59200  52.30000
   0.67100  51.90000
   0.93300  51.60000
   1.33700  51.60000
   1.46000  51.40000
   1.35300  51.20000
   0.77200  50.70000
   0.21800  50.00000
  -0.23700  49.40000
  -0.71400  49.30000
  -1.09900  49.70000
  -1.26900  50.60000
  -1.17500  51.80000
  -0.67600  53.00000
   0.03300  54.00000
   0.55600  55.30000
   0.64300  55.90000
   0.48400  55.90000
   0.10900  54.60000
  -0.31000  53.50000
  -0.69700  52.40000
  -1.04700  52.10000
  -1.21800  52.30000
  -1.18300  53.00000
  -0.87300  53.80000
  -0.33600  54.60000
   0.06300  55.40000
   0.08400  55.90000
   0.00000  55.90000
   0.00100  55.20000
   0.20900  54.40000
   0.55600  53.70000
   0.78200  53.60000
   0.85800  53.60000
   0.91800  53.20000
   0.86200  52.50000
   0.41600  52.00000
  -0.33600  51.40000
  -0.95900  51.00000
  -1.81300  50.90000
  -2.37800  52.40000
  -2.49900  53.50000
  -2.47300  55.60000
  -2.33000  58.00000
  -2.05300  59.50000
  -1.73900  60.00000
  -1.26100  60.40000
  -0.56900  60.50000
  -0.13700  60.20000
  -0.02400  59.70000
  -0.05000  59.00000
  -0.13500  57.60000
  -0.27600  56.40000
  -0.53400  55.20000
  -0.87100  54.50000
  -1.24300  54.10000
  -1.43900  54.10000
  -1.42200  54.40000
  -1.17500  55.50000
  -0.81300  56.20000
  -0.63400  57.00000
  -0.58200  57.30000
  -0.62500  57.40000
  -0.71300  57.00000
  -0.84800  56.40000
  -1.03900  55.90000
  -1.34600  55.50000
  -1.62800  55.30000
  -1.61900  55.20000
  -1.14900  55.40000
  -0.48800  56.00000
  -0.16000  56.50000
  -0.00700  57.10000
  -0.09200  57.30000
  -0.62000  56.80000
  -1.08600  55.60000
  -1.52500  55.00000
  -1.85800  54.10000
  -2.02900  54.30000
  -2.02400  55.30000
  -1.96100  56.40000
  -1.95200  57.20000
  -1.79400  57.80000
  -1.30200  58.30000
  -1.03000  58.60000
  -0.91800  58.80000
  -0.79800  58.80000
  -0.86700  58.60000
  -1.04700  58.00000
  -1.12300  57.40000
  -0.87600  57.00000
  -0.39500  56.40000
   0.18500  56.30000
   0.66200  56.40000
   0.70900  56.40000
   0.60500  56.00000
   0.50100  55.20000
   0.60300  54.00000
   0.94300  53.00000
   1.22300  52.00000
   1.24900  51.60000
   0.82400  51.60000
   0.10200  51.10000
   0.02500  50.40000
   0.38200  50.00000
   0.92200  50.00000
   1.03200  52.00000
   0.86600  54.00000
   0.52700  55.10000
   0.09300  54.50000
  -0.45800  52.80000
  -0.74800  51.40000
  -0.94700  50.80000
  -1.02900  51.20000
  -0.92800  52.00000
  -0.64500  52.80000
  -0.42400  53.80000
  -0.27600  54.50000
  -0.15800  54.90000
  -0.03300  54.90000
   0.10200  54.80000
   0.25100  54.40000
   0.28000  53.70000
   0.00000  53.30000
  -0.49300  52.80000
  -0.75900  52.60000
  -0.82400  52.60000
  -0.74000  53.00000
  -0.52800  54.30000
  -0.20400  56.00000
   0.03400  57.00000
   0.20400  58.00000
   0.25300  58.60000
   0.19500  58.50000
   0.13100  58.30000
   0.01700  57.80000
  -0.18200  57.30000
  -0.26200  57.00000
