      107.94     2637.14     8.12122   7483.6376      716.02
      114.16     2615.70     7.88641   7378.5910      721.51
      116.88     2622.18     7.59401   6714.3519      731.74
      113.02     2650.99     7.77137   7313.1095      740.73
      119.94     2717.14     7.42622   7018.4376      768.02
      130.16     2698.70     7.20141   7543.2710      779.51
      123.88     2779.18     7.45001   7529.5119      799.74
      116.02     2878.99     7.42637   8654.7395      800.73
      118.94     2944.14     7.43222   8907.2376      818.02
      117.16     3043.70     7.03241   8727.0110      800.51
      112.88     3018.18     6.70601   8995.3219      814.74
      119.02     3117.99     7.76337   9008.9895      802.73
      124.94     3019.14     8.10622   7598.2276      810.02
      133.16     2977.70     7.75141   7305.0410      830.51
      132.88     3114.18     7.80801   6857.9619      860.74
      129.02     3205.99     6.75137   7163.2395      855.73
      117.94     3258.14     6.17522   9045.4476      884.02
      103.16     3365.70     6.09341   8566.9910      863.51
       97.88     3280.18     6.90701   8272.1319      847.74
      100.02     3375.99     7.07237   8240.1995      839.73
      109.94     3394.14     7.15822   8055.4776      867.02
      110.16     3353.70     7.82941   8202.8110      850.51
      120.88     3315.18     7.87301   8832.2319      869.74
      126.02     3274.99     8.29737   8583.3395      869.73
      130.94     3295.14     7.71322   8744.5976      901.02
      131.16     3303.70     8.14741   8883.0410      902.51
      137.88     3326.18     6.90601  11058.7519      915.74
      126.02     3270.99     6.39737  11187.5795      895.73
      104.94     3388.14     5.61522  11371.2376      833.02
       98.16     3461.70     5.11641  11223.7010      818.51
       86.88     3442.18     5.87001   9842.0819      790.74
       81.02     3136.99     6.46637   8683.9395      744.73
       91.94     3105.14     6.68222   8183.1176      756.02
       89.16     2926.70     8.30841   7386.6710      743.51
      101.88     2809.18     8.19601   7441.1919      740.74
      112.02     2793.99     7.70237   7413.3395      757.73
      121.94     2834.14     7.83722   7504.0076      772.02
      121.16     2909.70     7.09141   8068.4210      806.51
      116.88     3014.18     6.33001   9367.9119      791.74
      107.02     3179.99     5.71137   9851.4795      804.73
       98.94     3248.14     5.98722   9629.6376      765.02
       90.16     3226.70     5.45341   9661.1610      760.51
       77.88     3198.18     6.03901   8887.2619      712.74
       92.02     3140.99     6.37437   8599.3895      734.73
       95.94     3053.14     6.96922   7847.8376      758.02
      100.16     3093.70     7.00641   8764.1510      763.51
      104.88     3142.18     6.93301   8234.1119      757.74
      104.02     3116.99     6.57237   7655.4395      779.73
