 -147.5000  112.5000 -129.6208
 -150.3000  117.3000 -116.4308
 -135.9000   97.6000 -115.4173
 -144.7000   99.5000 -112.7173
 -151.9000  110.6000 -127.1038
 -161.7000  109.2000 -135.1962
 -152.8000  112.9000 -133.3231
 -132.4000  120.6000 -121.5208
 -123.4000  122.6000 -111.1308
 -146.1000  104.4000 -108.6173
 -173.6000   98.5000 -113.7173
 -148.6000  112.9000 -124.8038
 -129.9000  122.5000 -121.8962
 -151.9000  120.8000 -125.4231
 -162.3000  114.0000 -128.1208
 -122.9000  128.3000 -105.4308
 -100.0000  135.1000  -77.9173
 -102.3000  148.0000  -64.2173
 -112.1000  170.1000  -67.6038
 -110.2000  173.2000  -71.1962
 -104.1000  183.6000  -62.6231
 -116.8000  179.3000  -62.8208
 -136.2000  156.2000  -77.5308
 -129.3000  134.9000  -78.1173
 -144.5000  124.6000  -87.6173
 -150.0000  139.4000  -98.3038
 -163.3000  129.7000 -114.6962
 -155.8000  137.3000 -108.9231
 -137.0000  149.7000  -92.4208
 -136.3000  155.1000  -78.6308
 -115.7000  154.6000  -58.4173
 -103.5000  177.5000  -34.7173
 -106.2000  194.5000  -43.2038
 -136.2000  176.2000  -68.1962
 -110.5000  186.7000  -59.5231
 -131.4000  175.4000  -66.7208
 -122.6000  175.3000  -58.4308
 -106.5000  173.2000  -39.8173
 -130.6000  159.8000  -52.4173
 -132.0000  187.3000  -50.4038
 -112.9000  195.4000  -48.9962
 -137.1000  188.0000  -58.2231
 -125.8000  190.1000  -52.0208
 -133.7000  177.7000  -56.0308
 -127.4000  159.5000  -53.5173
 -124.8000  160.3000  -51.9173
 -119.7000  188.3000  -49.4038
 -130.4000  187.1000  -57.2962
 -152.0000  162.5000  -83.7231
 -150.5000  158.0000  -84.1208
 -152.6000  150.0000  -83.7308
 -151.0000  132.8000  -80.2173
 -139.4000  145.0000  -67.2173
 -134.9000  176.6000  -61.1038
 -135.6000  184.3000  -60.0962
 -116.1000  198.2000  -48.0231
 -122.4000  191.4000  -50.7208
 -123.4000  183.2000  -50.5308
 -128.8000  160.3000  -52.7173
 -118.6000  176.9000  -35.3173
 -126.1000  214.7000  -23.0038
  -94.2000  236.1000   -8.2962
 -113.1000  232.1000  -14.1231
 -111.5000  238.0000   -4.1208
  -92.7000  240.8000    7.0692
 -115.8000  206.6000   -6.4173
 -105.3000  208.3000   -3.9173
 -111.9000  233.0000   -4.7038
 -111.5000  238.8000   -5.5962
 -132.5000  222.1000  -24.1231
 -147.8000  203.0000  -39.1208
 -138.7000  203.8000  -29.9308
  -65.3000  252.0000   38.9827
  -49.5000  280.7000   68.4827
  -80.9000  295.8000   58.0962
  -53.8000  324.3000   79.9038
  -58.2000  323.5000   77.2769
  -31.9000  354.9000  112.7792
  -30.5000  357.1000  123.3692
  -34.1000  329.0000  115.9827
  -59.6000  310.7000   98.4827
  -18.8000  374.0000  136.2962
  -35.7000  358.2000  113.8038
  -60.3000  346.8000  100.5769
  -52.9000  366.6000  124.4792
  -34.0000  353.1000  119.3692
  -31.7000  345.6000  132.5827
  -26.1000  347.6000  135.3827
  -21.8000  380.4000  142.6962
  -24.8000  374.3000  129.9038
  -28.3000  374.5000  128.2769
  -56.1000  348.3000  106.1792
  -36.3000  363.1000  129.3692
   -9.5000  365.0000  151.9827
  -14.1000  356.6000  144.3827
  -33.4000  383.3000  145.5962
  -28.8000  380.2000  135.8038
  -53.8000  360.6000  114.3769
  -84.6000  304.2000   62.0792
  -82.6000  289.9000   56.1692
  -85.3000  272.0000   58.9827
  -91.2000  272.4000   60.1827
  -98.2000  294.8000   57.0962
  -83.7000  293.3000   48.9038
  -75.5000  321.8000   75.5769
  -73.3000  333.7000   91.5792
  -65.3000  305.2000   71.4692
  -64.8000  288.5000   75.4827
  -79.0000  276.2000   63.9827
  -62.8000  329.0000   91.2962
  -47.6000  331.3000   86.9038
  -29.1000  351.1000  104.8769
  -80.7000  295.8000   53.6792
 -117.6000  245.7000   11.9692
 -100.6000  237.0000   23.9827
  -84.0000  225.7000   13.4827
  -71.1000  227.0000  -10.7038
  -39.5000  275.2000   30.8038
  -16.8000  339.8000   93.5769
  -39.4000  327.2000   85.0792
  -54.8000  323.6000   89.8692
  -55.7000  296.5000   83.4827
  -66.6000  274.1000   61.8827
  -61.5000  320.2000   82.4962
  -37.1000  391.4000  147.0038
  -40.3000  399.6000  153.3769
  -24.8000  404.1000  161.9792
  -71.9000  354.4000  120.6692
  -44.1000  344.1000  131.0827
  -32.0000  354.0000  141.7827
  -63.3000  352.9000  115.1962
  -30.9000  385.2000  140.8038
  -20.5000  395.7000  149.4769
   15.6000  445.5000  203.3792
   -7.1000  412.9000  179.1692
  -50.4000  342.7000  129.6827
  -33.5000  337.3000  125.0827
  -21.8000  376.9000  139.1962
  -13.8000  405.5000  161.1038
  -12.4000  462.2000  215.9769
   -0.9000  452.2000  210.0792
  -38.7000  399.7000  165.9692
  -32.7000  368.2000  155.1827
  -49.0000  362.7000  150.4827
  -34.2000  397.2000  159.4962
  -59.2000  379.1000  134.7038
  -40.9000  393.2000  146.9769
  -34.8000  402.5000  160.3792
  -29.8000  395.1000  161.3692
  -34.9000  355.4000  142.3827
  -10.8000  367.6000  155.3827
  -26.2000  412.1000  174.3962
    1.6000  426.8000  182.4038
  -50.3000  395.6000  149.3769
  -53.0000  394.4000  152.2792
  -40.5000  383.8000  150.0692
  -32.2000  360.7000  147.6827
  -60.2000  330.7000  118.4827
  -50.5000  361.8000  124.0962
  -47.5000  380.6000  136.2038
    9.1000  434.3000  188.0769
   32.9000  457.6000  215.4792
   42.6000  474.8000  241.0692
   29.2000  452.3000  239.2827
   16.8000  425.6000  213.3827
    6.5000  459.4000  221.6962
   -0.8000  450.6000  206.2038
  -14.6000  420.8000  174.5769
  -14.2000  415.5000  173.3792
   -9.1000  425.6000  191.8692
    8.9000  431.8000  218.7827
   13.8000  450.1000  237.8827
   11.3000  467.3000  229.5962
  -34.1000  433.0000  188.6038
  -67.9000  368.8000  122.5769
  -93.3000  334.4000   92.2792
 -100.9000  286.9000   53.1692
  -91.7000  262.3000   49.2827
  -69.3000  285.7000   73.4827
  -82.8000  305.0000   67.2962
  -79.6000  303.7000   59.3038
  -79.6000  315.0000   68.7769
  -57.4000  326.8000   84.6792
  -74.8000  305.5000   71.7692
  -58.8000  304.8000   91.7827
  -53.0000  301.9000   89.6827
  -63.8000  328.7000   90.9962
  -68.1000  313.2000   68.8038
  -91.1000  313.3000   67.0769
  -76.0000  301.3000   59.1792
 -115.9000  241.2000    7.4692
 -114.2000  200.2000  -12.8173
  -93.5000  246.1000   33.8827
  -68.3000  307.0000   69.2962
  -74.9000  315.0000   70.6038
  -78.4000  311.2000   64.9769
  -21.4000  366.1000  123.9792
  -27.1000  372.5000  138.7692
  -38.7000  321.7000  108.6827
  -55.8000  315.4000  103.1827
  -64.1000  345.0000  107.2962
  -46.2000  364.1000  119.7038
  -59.0000  359.3000  113.0769
  -49.7000  337.7000   95.5792
  -59.8000  295.1000   61.3692
  -87.9000  266.0000   52.9827
  -51.5000  265.5000   53.2827
  -90.9000  254.7000   16.9962
  -85.5000  302.5000   58.1038
  -87.5000  284.1000   37.8769
  -94.1000  264.1000   21.9792
  -55.8000  289.5000   55.7692
  -75.7000  253.1000   40.0827
 -104.1000  222.9000   10.6827
  -60.9000  315.2000   77.4962
  -48.9000  342.0000   97.6038
  -59.1000  320.4000   74.1769
  -56.8000  305.8000   63.6792
  -50.3000  300.3000   66.5692
  -59.1000  292.2000   79.1827
  -56.0000  286.5000   74.2827
  -38.7000  363.6000  125.8962
  -13.7000  362.1000  117.7038
  -47.0000  365.6000  119.3769
  -24.1000  387.5000  145.3792
  -31.8000  359.8000  126.0692
  -44.8000  303.8000   90.7827
  -65.4000  294.0000   81.7827
  -84.2000  285.8000   48.0962
  -47.9000  322.6000   78.2038
  -70.2000  287.1000   40.8769
  -98.4000  279.4000   37.2792
  -76.1000  284.2000   50.4692
 -104.2000  220.3000    7.2827
  -97.0000  210.5000   -1.7173
 -117.3000  210.5000  -27.2038
  -62.0000  274.0000   29.6038
  -44.8000  323.8000   77.5769
  -47.3000  324.4000   82.2792
  -64.3000  280.6000   46.8692
  -84.7000  233.7000   20.6827
 -108.2000  210.5000   -1.7173
  -87.2000  250.1000   12.3962
  -75.6000  287.1000   42.7038
 -122.0000  227.8000  -18.4231
 -138.3000  192.6000  -49.5208
 -100.4000  227.5000   -6.2308
 -117.5000  188.9000  -24.1173
 -131.2000  180.3000  -31.9173
  -95.0000  236.4000   -1.3038
 -121.5000  197.0000  -47.3962
 -107.9000  197.2000  -49.0231
 -105.3000  211.0000  -31.1208
 -102.3000  215.8000  -17.9308
  -91.9000  206.3000   -6.7173
  -77.8000  213.3000    1.0827
 -102.1000  219.9000  -17.8038
 -118.4000  194.6000  -49.7962
 -108.2000  191.2000  -55.0231
 -110.8000  197.8000  -44.3208
 -101.0000  197.2000  -36.5308
 -116.4000  155.7000  -57.3173
 -104.6000  175.7000  -36.5173
 -124.1000  192.5000  -45.2038
 -146.0000  159.0000  -85.3962
 -124.9000  190.3000  -55.9231
 -112.2000  170.6000  -71.5208
 -125.6000  143.0000  -90.7308
 -145.4000  107.7000 -105.3173
 -156.9000   95.1000 -117.1173
 -155.7000   88.7000 -149.0038
 -170.3000   95.4000 -148.9962
 -192.2000   92.3000 -153.9231
 -198.3000   87.9000 -154.2208
 -187.8000   85.0000 -148.7308
 -193.4000   73.8000 -139.2173
 -191.3000   84.0000 -128.2173
 -160.7000  106.9000 -130.8038
 -169.8000  112.9000 -131.4962
 -152.8000  116.6000 -129.6231
 -155.1000  120.7000 -121.4208
 -150.3000  116.2000 -117.5308
 -125.2000  116.0000  -97.0173
 -156.9000  102.3000 -109.9173
 -113.8000  140.1000  -97.6038
 -104.4000  158.2000  -86.1962
 -112.0000  157.6000  -88.6231
 -108.4000  163.1000  -79.0208
 -130.9000  142.9000  -90.8308
 -143.8000  118.5000  -94.5173
 -142.8000  106.4000 -105.8173
 -172.7000  111.6000 -126.1038
 -171.1000  113.1000 -131.2962
 -142.6000  117.9000 -128.3231
 -125.1000  124.7000 -117.4208
 -120.6000  136.5000  -97.2308
 -116.9000  119.2000  -93.8173
 -129.5000  123.4000  -88.8173
 -110.9000  163.4000  -74.3038
 -116.1000  150.4000  -93.9962
 -160.7000  132.2000 -114.0231
 -139.9000  127.0000 -115.1208
 -140.8000  128.6000 -105.1308
 -137.1000  112.3000 -100.7173
 -149.7000  110.9000 -101.3173
 -147.8000  136.4000 -101.3038
 -128.6000  140.8000 -103.5962
 -114.4000  161.5000  -84.7231
 -127.0000  163.3000  -78.8208
 -137.8000  145.1000  -88.6308
 -134.2000  122.3000  -90.7173
 -163.3000  114.0000  -98.2173
 -149.5000  123.8000 -113.9038
 -146.6000  120.9000 -123.4962
 -150.0000  127.6000 -118.6231
 -165.6000  114.8000 -127.3208
 -171.4000  113.2000 -120.5308
 -153.1000   95.0000 -118.0173
 -156.8000  102.1000 -110.1173
 -161.9000  113.7000 -124.0038
 -167.6000  113.7000 -130.6962
 -157.0000  121.2000 -125.0231
 -142.8000  130.5000 -111.6208
 -155.5000  110.1000 -123.6308
 -150.1000   91.2000 -121.8173
 -143.2000   98.4000 -113.8173
 -167.5000  107.9000 -129.8038
 -152.5000   95.0000 -149.3962
 -172.6000   98.8000 -147.4231
 -173.4000   90.7000 -151.4208
 -205.4000   87.6000 -146.1308
 -198.4000   71.8000 -141.2173
 -189.0000   73.3000 -138.9173
 -158.2000  100.6000 -137.1038
 -164.4000   93.1000 -151.2962
 -147.1000   95.9000 -150.3231
 -164.8000   95.8000 -146.3208
 -155.5000   91.7000 -142.0308
 -159.3000   80.5000 -132.5173
 -146.3000   87.0000 -125.2173
 -151.4000  105.1000 -132.6038
 -142.1000  115.4000 -128.9962
 -147.2000  115.3000 -130.9231
 -145.9000  109.6000 -132.5208
 -155.8000  101.4000 -132.3308
 -142.3000   90.2000 -122.8173
 -165.9000   93.3000 -118.9173
 -165.7000  104.1000 -133.6038
 -162.5000  106.4000 -137.9962
 -160.1000  114.0000 -132.2231
 -162.3000  108.6000 -133.5208
 -175.4000  100.7000 -133.0308
 -182.1000   81.0000 -132.0173
 -196.5000   82.4000 -129.8173
 -187.8000   98.6000 -139.1038
 -179.0000  102.7000 -141.6962
 -156.7000  106.7000 -139.5231
 -163.4000  107.4000 -134.7208
 -153.6000  101.6000 -132.1308
 -148.2000   88.6000 -124.4173
 -154.9000   84.0000 -128.2173
 -157.4000   85.8000 -151.9038
 -150.5000  112.2000 -132.1962
 -143.6000  127.2000 -119.0231
 -111.2000  154.3000  -87.8208
