47.6610
47.6366
48.3936
50.0298
50.1763
50.5670
51.5438
53.6195
54.2544
55.6952
56.8185
57.4290
58.0395
59.1873
58.2105
54.4742
50.6159
46.2935
42.6794
40.1152
38.5035
37.1116
35.6952
35.1824
36.5255
38.1861
38.6256
40.1152
43.5341
47.0505
50.8356
53.4486
52.7404
51.2752
47.6122
44.5109
42.2154
40.4571
38.7477
37.3069
36.6232
35.7685
35.4266
34.7917
34.5475
33.5951
32.9846
32.2520
32.0078
32.2520
32.2764
32.7404
34.5719
38.6745
43.2166
44.9260
44.3155
42.4352
40.5060
38.5768
37.3069
37.9174
39.2117
39.5536
38.4791
37.2581
36.1104
37.1604
40.9211
44.8039
48.1494
50.5426
53.0334
54.8649
56.7209
57.7953
57.9907
56.6476
52.9113
48.8088
45.5853
41.8491
38.8942
37.0872
36.2325
35.6952
37.1848
40.3350
44.1201
46.2935
45.5853
43.9492
41.8002
41.9712
44.3155
47.1482
49.6146
53.0090
55.6708
56.8185
55.4510
51.8857
48.8332
46.0005
42.7038
40.3839
38.3814
37.1116
35.9150
35.3533
34.8649
34.7673
34.2544
33.8149
33.6928
33.6439
33.4730
33.8149
34.2056
34.1323
34.5231
36.3546
40.3839
43.7538
47.2703
50.5670
52.9846
55.3289
54.6696
51.9590
48.8576
47.6366
48.7599
50.4205
52.8381
54.9138
55.9638
56.7209
57.7221
58.3082
59.3338
58.9919
59.3582
58.9431
59.1873
59.9443
59.5780
60.3106
60.6281
60.4083
60.9700
61.2386
61.6293
60.4083
58.4547
57.7221
57.9907
59.2361
59.2850
60.0176
60.0176
60.6037
58.8210
55.1091
53.2288
53.7172
54.5475
54.3765
51.5927
49.0286
45.8784
45.0237
45.9516
48.2471
50.6403
52.7160
54.6696
56.1592
55.2801
52.5450
48.8332
45.1702
41.9712
40.0176
38.0640
39.0408
39.2361
38.6989
38.0640
37.2093
38.1861
41.4095
45.2923
48.0518
50.8601
53.3997
55.3289
55.7685
56.6720
57.9174
58.5035
59.2361
59.2117
59.7734
57.4046
53.8881
50.0054
48.4913
49.4437
51.7392
53.6928
54.4742
56.0371
57.3069
58.5035
59.7978
59.9199
60.8479
59.4071
58.0395
57.9174
56.0371
52.6427
49.4681
46.1958
45.1458
44.3399
42.8503
41.2142
39.4559
39.8466
42.1910
45.4632
48.7355
51.5438
53.8881
56.1348
58.3570
58.8454
59.5536
57.6244
54.5963
50.6159
47.0750
44.5841
42.6794
40.5304
39.4315
38.2593
39.6757
42.8015
44.8039
44.9260
43.9004
41.9712
41.1165
39.8222
38.6745
37.6732
38.7233
42.3619
46.6354
49.7123
50.6647
49.0286
46.7575
43.9248
40.9944
41.1409
43.2654
46.4400
49.7123
51.5927
53.8881
55.7685
56.5255
58.0395
59.1384
58.8698
57.9907
57.3069
57.6244
58.1372
58.2105
59.2850
60.1397
57.6488
54.1323
50.9822
46.7819
43.7294
43.9248
45.9028
49.1995
50.1763
48.5890
46.7575
46.1958
48.3448
50.9089
53.7660
56.8185
58.2349
59.5292
60.6281
60.8967
60.7502
60.2618
59.9443
60.7746
58.5768
57.0139
57.3069
57.8442
58.2349
58.9431
57.6244
54.1568
49.6146
45.9516
43.3143
42.9724
45.8295
48.6134
51.7392
51.6659
49.1995
46.0737
43.7050
41.8247
40.3839
41.4584
44.3155
45.5609
44.8039
43.7538
43.7050
45.5853
48.5890
48.9553
47.4168
47.4413
48.7599
51.0554
52.3985
55.1824
56.5255
57.2337
58.5524
59.6268
59.8466
59.8466
60.5548
60.6281
60.5548
60.7013
57.8442
54.4010
50.5670
49.4193
50.1030
51.3485
53.1311
54.7917
56.2325
55.6220
53.3021
50.1030
46.6598
44.1446
42.0200
40.4816
40.7990
41.8979
41.3118
40.0420
39.1629
39.6024
41.9956
46.2447
48.8332
51.3729
53.7905
56.2325
57.6244
58.3326
56.8674
53.6684
52.2520
52.3985
53.5463
55.0847
55.9638
57.5267
58.7477
59.0652
58.9431
57.4290
54.4742
50.2496
48.8332
48.8576
48.9309
47.1482
44.5109
42.3375
40.4327
38.6500
37.5756
36.6964
35.9394
35.4754
35.0603
34.5475
33.9858
33.6195
33.3997
33.7416
35.2068
37.1360
37.5756
37.7953
36.9651
37.7709
38.8698
39.0408
38.5035
39.6513
42.8259
45.2190
47.1482
49.7123
52.2032
55.3289
56.5255
57.8198
59.5536
60.3594
61.1897
61.3363
61.5316
61.9223
61.4339
61.6781
59.9199
56.5255
54.5963
54.3765
53.3997
50.9822
47.8564
44.9260
42.3619
40.6769
39.3338
38.2349
37.3069
36.1104
35.6464
35.4999
35.5731
35.1336
35.1580
36.9406
40.7258
44.8039
47.0505
46.1226
43.8515
42.0200
40.2618
39.0408
37.7465
36.9162
38.4547
42.0200
45.8540
49.0286
52.5695
55.1091
56.4034
58.4303
59.7489
59.3582
58.2105
55.2801
51.7148
48.1006
44.5353
43.8027
45.6586
48.0518
51.2508
53.5463
55.8906
57.6488
59.2361
59.4071
58.5768
56.9406
54.8649
51.4950
48.4425
45.4144
42.6794
40.6037
39.6024
37.8930
36.4278
35.2557
34.9870
34.5475
34.0835
33.7905
33.7660
33.6195
33.5951
33.6928
33.9858
35.7929
39.4803
44.1201
45.8540
45.1458
43.4364
41.5560
39.8466
40.4327
43.0701
44.2178
43.5341
42.2398
40.5304
39.4071
38.3814
37.3069
36.5255
36.1104
35.6464
34.9626
34.6207
34.5475
34.2544
33.7905
34.3277
36.2325
39.7489
43.8027
47.1482
50.7380
53.6928
56.0371
57.4535
56.5255
54.0102
50.1519
47.0994
44.1690
42.3619
42.3619
42.4840
42.2154
42.9724
45.9028
48.9309
51.3485
54.2789
53.7905
53.6439
54.5231
55.6708
56.7209
57.6977
58.3082
59.2361
59.6513
60.5792
60.5060
60.7258
61.1165
60.7013
58.9675
57.5511
57.1848
58.2105
60.0176
60.0176
59.0163
55.5731
51.7392
48.0029
44.3155
41.9468
40.0664
38.5035
37.4779
36.4278
35.9150
35.6952
35.2801
35.3778
35.5487
34.9382
34.4742
34.4010
34.0835
34.1079
34.5231
36.8185
40.6037
44.4132
48.5402
51.5438
54.2544
55.9638
55.8662
53.5463
50.2740
48.6378
47.6122
45.7074
43.6806
43.9736
45.7319
48.4181
52.0322
54.5231
56.5255
58.5524
59.0652
59.5292
58.2837
57.9174
57.9907
58.1372
58.7721
59.5536
57.8198
55.1824
51.2752
47.6366
44.9260
42.3375
40.1152
38.5524
36.9162
36.3546
38.1861
41.5560
45.9028
49.8833
50.7624
49.0774
46.4889
43.7783
42.1665
42.8747
45.9028
48.4669
51.3973
53.8881
56.8918
58.8454
60.4327
61.7026
62.1177
62.5084
62.0933
60.1397
57.0139
54.6940
54.7917
55.5731
57.2825
58.8210
59.8466
59.0163
55.8173
53.7172
54.1812
55.1091
56.6720
57.9174
56.9895
54.8405
51.5438
49.8100
50.6159
51.9590
53.5951
56.1592
57.6244
58.5768
59.4803
58.3570
57.0627
54.9870
51.8857
51.1775
51.9101
53.1555
55.3289
54.4498
53.9614
52.7404
50.2740
47.4413
46.6842
46.5133
45.1458
42.6794
42.6061
42.6305
41.8979
42.7770
46.0005
49.3216
52.8381
55.2801
57.4046
58.7477
59.5536
59.9199
58.4547
55.2801
50.6159
47.3436
45.3411
45.3411
46.9773
47.4413
46.1958
46.4400
48.3204
51.3240
54.1079
56.2569
56.0371
53.1555
49.6146
46.1958
43.5829
41.5560
40.3350
38.8698
37.7221
36.4034
35.3289
34.3521
34.2789
34.2300
33.9858
36.0371
40.2373
44.5109
47.9297
49.0286
47.8076
45.9028
43.3631
41.4584
42.1665
44.3399
47.1482
50.9822
53.5951
55.6952
57.7221
59.2117
60.5548
59.6268
56.4278
54.3521
53.8881
55.3778
56.8185
57.0139
56.1592
56.6720
57.4046
58.0395
58.8210
59.5047
60.7258
61.4828
61.1653
61.7758
62.0200
62.0689
59.9199
55.6464
51.7880
49.9809
50.5182
52.3253
54.8405
56.8674
58.9919
58.6989
59.7734
60.5304
60.7990
61.2874
60.7990
61.6781
61.9468
62.3619
60.5304
56.5255
52.7404
48.5890
45.3411
44.5597
46.1958
48.6623
51.1775
51.6659
50.5670
50.0298
50.9822
53.2532
55.6708
54.6696
52.5206
49.4681
48.8088
49.8100
52.2520
54.5963
57.2337
57.9174
59.0652
59.9199
58.3570
55.2801
51.4217
47.7587
44.9016
42.3619
40.2373
38.8698
37.5267
36.8185
38.0640
41.4584
46.0005
50.0298
53.0334
55.5243
56.1592
55.2312
56.1104
57.1360
58.4547
58.9919
59.9443
60.9211
60.9211
61.4339
61.5316
62.3375
61.8735
60.1397
58.3570
57.7465
56.8674
55.3778
53.2776
50.5426
47.0017
43.9492
41.8002
40.4327
38.7721
37.5267
37.2825
38.6989
42.0689
43.5585
44.2667
44.5353
45.2190
43.9248
41.5560
39.6513
38.7721
39.7001
42.5817
44.2178
43.3631
42.9968
43.9248
46.7575
47.6122
46.5866
44.9016
43.0701
41.2630
39.7245
40.7746
43.7294
47.4168
50.8845
51.8613
50.3717
47.8564
45.6342
45.3411
47.0505
47.4168
46.4889
44.3155
42.3863
40.6525
39.4315
38.1128
36.9162
36.5255
38.2593
42.2398
44.2422
44.2911
43.1922
41.3851
39.6513
38.8698
38.0151
37.0139
36.4034
37.6732
41.5072
46.4889
49.9077
50.8845
50.2251
47.8320
46.8552
46.6598
47.0750
49.1262
51.9590
54.1568
56.2325
57.4046
58.9919
59.2850
60.5060
61.5316
59.6513
55.8662
53.8149
53.7172
54.8649
55.6708
58.2105
59.1384
59.9443
60.1152
59.9931
60.1885
58.2105
57.2825
57.4046
57.6488
58.8210
59.2605
57.5023
54.1568
49.9565
48.6134
49.0286
51.0310
53.6439
55.9638
57.5267
58.4547
59.2850
60.0664
58.4058
55.1824
51.7392
47.3924
44.5841
44.2667
46.0249
48.2227
51.8369
54.3033
56.5255
58.2105
57.0627
53.6928
50.2740
47.0505
44.1446
41.4584
39.6513
40.3350
43.7294
46.8308
