54.1510
56.3490
54.0900
50.6100
55.0670
54.9450
52.2590
51.2820
53.9680
54.1510
52.1980
51.9540
53.7850
54.7010
51.5870
50.8550
52.8080
53.4800
53.9680
52.9300
52.1980
55.1280
54.1510
52.8080
52.1980
55.9830
54.0900
53.7240
55.9220
54.7620
53.6630
55.8610
55.9220
53.1750
54.1510
54.0900
55.0670
51.7700
51.9540
49.8170
53.7850
56.0440
52.8080
50.1220
49.8170
55.7390
55.6780
53.1140
52.6860
54.6400
55.1280
51.8310
51.5870
53.4190
54.0290
51.7700
53.1750
51.0990
51.7700
52.0150
51.7700
52.7470
53.9680
52.9910
52.1370
50.7330
53.2360
53.6630
53.1140
55.1280
54.9450
50.3660
52.8080
55.0670
53.5410
53.9070
54.2120
52.9910
50.7330
54.0900
54.2120
53.7240
53.9070
53.7850
53.9070
55.8610
54.9450
51.7090
50.2440
50.1220
52.0150
56.3490
49.8170
53.0520
55.4330
52.5030
54.0290
55.0670
53.7240
50.5490
50.0000
51.0380
53.0520
53.1750
53.1750
51.9540
51.8310
51.9540
50.6100
52.1980
52.1980
53.6630
54.9450
53.7850
52.1980
52.6860
52.6250
53.3580
52.1980
50.0000
52.6250
56.8380
53.6630
58.0590
54.2120
55.1890
55.3110
53.7850
55.6780
54.1510
54.0900
51.8310
51.9540
50.9770
50.7330
51.7090
53.7850
54.3960
53.9680
55.0670
55.7390
56.8990
53.7240
52.6250
51.7090
53.1140
54.6400
53.1750
55.1890
52.0150
50.8550
52.1370
52.9910
52.8080
52.1370
56.1660
56.6540
55.1280
52.7470
49.7560
53.7850
54.2120
53.1750
53.1140
54.9450
53.7240
53.9070
51.8310
54.0900
52.8080
53.7240
53.7240
50.1830
52.9300
53.7850
54.1510
51.9540
51.9540
52.0150
52.6860
51.8310
51.0380
51.9540
53.1140
52.8080
51.7700
51.7700
55.1890
52.6860
55.9220
56.4100
55.4330
55.1280
53.7240
55.0060
54.7010
54.2730
53.9680
51.2210
53.9680
55.0060
52.0760
54.8840
54.8840
53.9070
53.9070
55.0060
53.7850
52.5640
51.1600
52.1980
55.1280
52.5030
50.7330
52.0760
54.8840
54.1510
54.7620
53.7850
56.1050
54.2120
50.7330
53.7240
54.9450
52.9300
52.6860
54.9450
52.8080
52.1980
54.6400
53.7240
50.2440
51.1600
52.9300
53.9070
54.0290
51.7090
53.7850
53.9070
54.9450
53.1750
52.8080
53.7850
49.0840
52.0150
53.7240
52.1980
51.9540
54.0900
52.6860
52.0150
53.7240
54.8840
52.8080
52.1980
53.1750
52.5030
51.2210
50.7330
52.6860
53.4800
53.1140
55.0670
55.1280
53.9680
56.1050
53.7850
53.7240
54.7010
53.9070
54.8840
55.9220
55.7390
55.6780
54.1510
50.7330
52.0150
49.8170
51.0380
53.1750
53.7850
55.9830
53.7240
54.1510
55.3720
53.9680
52.6250
53.9680
55.9220
51.7090
51.1600
53.1750
52.8080
52.7470
53.4800
54.3960
51.2210
53.1750
53.9680
50.9770
50.7940
51.0380
52.1370
53.1140
52.1980
52.1980
52.5030
55.1280
52.1980
49.6950
51.0380
54.0900
51.0380
52.1980
54.8230
52.5030
54.0900
53.9680
53.1750
52.6860
54.8840
53.9070
51.8310
56.1050
54.0900
51.7090
52.1980
52.9910
54.1510
54.1510
54.8230
54.1510
54.2120
53.1750
51.7090
52.1980
53.1750
51.7090
54.6400
52.0760
52.9910
55.1280
53.2360
52.5640
54.1510
54.1510
52.1370
54.8840
54.4570
53.1750
54.3960
54.9450
51.4650
53.1750
57.8750
53.5410
53.4800
52.9910
53.9680
53.0520
52.9300
50.7330
51.8930
52.0760
52.6250
51.7090
53.9070
53.7240
53.9070
52.5640
51.8310
54.3960
56.4100
55.1280
54.1510
52.6250
51.2210
49.8170
52.0150
51.8930
53.1750
54.7620
51.7700
53.1750
53.4800
58.4250
55.1280
53.9680
50.8550
52.1370
51.7700
53.0520
51.5260
54.2120
52.9300
50.1830
50.7330
55.6780
53.5410
53.4190
52.9300
53.6630
52.3810
54.2120
55.9220
52.0150
54.8840
54.7620
52.7470
53.6020
55.9220
54.6400
55.4940
56.1050
53.9070
53.9070
55.9830
55.6780
52.6250
52.9300
52.8080
54.1510
54.1510
53.9680
55.1280
53.7240
55.1280
54.7620
52.9910
51.7700
51.8310
55.1280
54.5180
51.2820
51.7700
52.9300
51.8310
51.1600
51.8310
54.9450
54.1510
53.9070
54.9450
54.7620
55.9830
56.2270
53.6020
55.8610
57.0820
52.5640
54.1510
56.1660
53.1750
53.1750
53.7240
54.7010
55.6780
53.7850
54.6400
53.4800
53.5410
54.4570
56.1050
55.7390
53.9070
52.8080
53.7240
54.1510
53.1750
52.0150
55.1280
54.0900
53.0520
55.5560
54.2120
50.6720
54.1510
56.1050
54.6400
55.3110
56.1050
52.5030
51.9540
51.9540
52.6250
50.9770
50.8550
53.6630
54.0900
52.7470
51.4040
51.2820
51.5260
53.9680
55.1280
51.9540
53.1140
55.0670
52.2590
53.1140
53.7850
51.7700
53.7850
54.1510
54.1510
55.6780
52.8080
53.2360
55.3720
54.8230
52.9300
53.6020
55.8610
55.0670
52.0760
55.3720
54.3960
52.7470
52.9300
51.9540
52.9300
51.7090
54.0900
52.8080
53.1750
51.5260
52.9300
54.9450
54.8840
54.0900
55.0060
53.1750
54.8840
53.9070
51.5260
50.0000
51.6480
55.9830
55.0670
56.3490
53.9070
52.9910
53.8460
55.1280
56.1050
54.8840
53.9070
54.1510
56.8990
53.7850
51.8310
51.2210
54.9450
54.2120
55.3720
53.1140
53.7850
53.7240
56.5320
56.2270
54.1510
51.5260
52.1980
54.2120
52.9300
52.9300
54.1510
55.3110
55.0670
55.8610
56.8380
55.6780
54.1510
52.9300
51.5260
53.0520
53.9070
51.7700
52.1980
54.1510
52.9300
52.9910
52.8080
54.7620
54.6400
56.0440
53.4800
52.9300
54.1510
55.0060
52.6250
53.9070
55.0670
52.9910
53.7850
54.7620
52.0150
49.8170
53.7850
54.7010
53.9680
53.8460
53.9680
54.6400
54.6400
54.5180
52.1370
54.0900
53.7850
51.2210
51.7090
52.6860
53.7240
52.9300
51.7700
53.6020
53.9070
52.6860
54.9450
54.9450
51.7090
53.7850
53.7240
54.6400
53.4800
54.3960
54.9450
52.0150
50.8550
52.8080
53.1140
50.5490
50.5490
53.9680
55.1280
53.1140
53.7850
56.1050
55.1280
53.6020
53.7850
54.0900
54.0900
53.7240
54.9450
54.9450
50.9160
54.0900
53.7850
53.9070
50.6720
53.1140
54.0900
56.1050
53.6020
52.9910
53.1140
56.1050
55.4330
55.1280
55.8610
55.1280
54.1510
50.8550
52.8080
54.2120
53.1750
53.9680
55.7390
56.1050
53.9070
53.7850
52.9300
53.1750
53.1750
57.1430
54.0290
53.1750
54.9450
55.1280
55.2500
54.7620
54.7010
53.6020
54.7010
54.6400
56.1050
51.7700
55.3110
52.1370
55.6780
54.1510
54.9450
58.0590
56.8990
55.1280
54.7010
54.0900
55.9220
55.9220
52.6860
52.9300
54.7010
50.9770
52.9910
56.1050
53.4800
52.9300
54.8840
56.1050
54.1510
51.1600
52.6860
54.1510
53.8460
54.6400
57.2650
52.5030
55.9220
54.7620
52.0760
50.9770
49.8170
50.9770
52.6860
53.7240
53.0520
53.7240
54.7010
51.8310
51.2210
52.2590
52.8080
53.7240
52.8080
54.9450
56.3490
55.0670
55.1280
53.7240
53.9680
55.5560
56.1050
53.8460
54.7620
55.6780
53.9680
52.6860
52.5640
53.1750
55.7390
57.3260
54.1510
55.3110
54.7010
56.1660
53.7850
53.9680
56.7150
56.8990
56.0440
54.8840
55.6170
56.2880
52.5640
51.2210
51.2210
52.9300
54.7620
52.1980
53.0520
54.5180
55.5560
53.7850
55.4330
56.8380
55.7390
54.1510
54.5180
55.1280
53.2360
51.7700
52.9910
53.3580
52.8690
56.1660
54.0900
52.6860
55.3110
55.0670
56.8380
55.1280
53.1750
54.0900
53.7240
55.8610
52.9910
53.1750
53.1750
52.5640
54.0900
57.0820
55.0670
54.3960
55.9220
55.8000
54.4570
56.1050
54.0290
55.9830
54.7620
53.9680
54.6400
55.8610
55.8610
54.0900
55.9220
53.7850
58.0590
52.9300
52.9300
52.1980
53.9680
55.9830
53.1140
54.3960
54.8840
51.8310
51.2210
53.1140
54.7010
50.9770
52.8080
53.5410
52.9300
55.1280
53.9070
52.9910
55.3720
55.0670
54.5790
52.1370
54.6400
53.7240
51.0380
51.2210
54.1510
55.0670
51.1600
53.9070
55.0060
51.9540
52.2590
53.7850
53.7850
51.8310
52.8080
54.7620
56.1050
52.5030
53.9070
51.2210
51.7700
54.0900
53.2360
54.7620
54.9450
54.9450
53.1750
55.1280
56.8380
56.4100
55.9830
56.8990
55.0060
54.1510
55.1890
54.7010
54.1510
51.5870
57.0210
57.5090
53.1140
52.8080
53.9680
55.2500
54.9450
54.9450
55.0060
52.9300
50.0000
50.0000
52.6860
54.1510
49.6950
53.9070
55.8610
54.0900
55.0670
55.8610
54.2120
57.1430
54.0900
54.6400
58.0590
53.2360
53.7240
55.1280
54.1510
53.7240
54.2730
53.9680
53.0520
53.7850
53.7850
54.7620
52.8080
51.7700
54.1510
55.6780
55.1280
51.0990
52.6860
54.9450
51.8310
53.1750
54.3960
50.6720
54.1510
54.8840
53.7850
56.7150
56.1050
51.9540
50.0000
52.1370
54.6400
56.1050
52.9910
54.6400
57.0820
55.4330
53.7240
53.7850
55.6780
52.6250
53.7240
54.6400
56.1050
53.9680
56.9600
55.3720
55.1280
55.8610
52.8080
54.1510
55.1280
54.7010
52.5030
51.1600
52.1370
55.3720
54.1510
52.8080
51.8310
53.7850
53.7240
55.8610
54.7010
54.3960
54.5180
55.1280
55.6780
53.9070
54.1510
53.7240
55.6780
56.0440
52.8080
52.6860
52.5030
53.6630
55.0670
53.1750
52.9910
53.3580
52.1370
52.1980
55.1280
53.7240
55.5560
55.8610
56.7150
53.6020
52.6860
54.0900
54.1510
53.9680
53.9070
55.3720
52.0150
52.0150
53.4800
54.9450
54.1510
54.7620
55.1280
54.9450
51.6480
51.5870
52.6860
53.7850
54.0900
53.2360
52.9300
55.1280
52.7470
53.9680
52.8080
53.7240
52.6250
52.7470
54.5790
53.9680
54.0290
54.1510
54.1510
52.1370
52.8080
55.1280
51.9540
53.2360
54.9450
55.0670
52.1370
55.1280
55.0060
56.1050
54.8840
50.8550
53.9680
52.8080
55.1280
52.9910
52.0150
52.9300
55.8610
55.1280
55.9220
55.7390
53.1750
53.1750
54.0900
54.2120
51.9540
51.8310
54.7620
52.9910
52.9300
54.7010
50.5490
51.0380
54.1510
52.5030
52.9300
51.5870
52.1980
52.9300
53.1140
52.6860
51.1600
52.6250
53.9680
54.0900
53.1750
52.9300
52.7470
53.9680
51.0380
52.7470
53.9070
50.5490
53.1750
55.8000
50.9160
53.4800
55.9830
53.1750
51.9540
55.3110
57.1430
54.1510
53.7850
54.9450
53.8460
53.1750
52.0150
53.9070
55.9830
57.2650
53.9680
54.1510
51.7700
52.9910
54.8840
55.1280
54.0900
52.6860
52.9300
52.7470
50.9770
53.7240
53.6630
52.8080
52.8690
56.1050
54.7010
52.1370
50.5490
52.0150
51.7700
52.8080
53.1140
55.0670
53.1750
54.9450
56.4100
54.0900
52.9910
55.1890
55.6780
54.9450
55.0060
53.9070
54.0900
52.9300
50.7330
52.7470
52.9910
55.3720
54.0900
52.0150
54.8840
55.1280
56.1050
53.7240
53.9070
55.5560
55.1280
54.8840
55.7390
53.9680
50.8550
52.9300
53.1750
51.1600
54.1510
56.3490
54.9450
54.7010
54.9450
54.9450
54.7620
52.5030
51.2210
53.1750
52.9910
52.5640
52.8080
54.2730
54.3960
53.1140
51.9540
51.9540
52.5030
53.8460
51.7700
53.7850
54.8840
54.1510
53.9680
56.2270
54.9450
52.9300
54.6400
55.6780
52.3810
55.6780
56.1050
53.1140
55.3720
56.8990
55.7390
54.0900
51.9540
52.0150
52.7470
53.1750
51.1600
53.9680
52.8080
53.1750
52.8080
52.9300
53.9680
53.9070
53.7850
52.0150
52.7470
52.0150
53.1750
55.0060
54.1510
55.0670
55.6780
56.7150
54.1510
53.9070
54.9450
55.7390
51.9540
54.1510
56.4710
52.1980
51.0990
53.9680
54.0900
53.9680
52.1980
54.9450
54.3350
53.1140
53.4800
52.9300
53.1750
51.8310
51.5260
54.0900
51.0380
51.5260
52.6860
54.1510
56.1660
55.4940
53.9680
54.7010
53.7850
51.9540
48.9620
53.9070
52.6860
51.8930
51.7700
53.7850
54.7010
55.0670
54.9450
55.1280
55.9220
54.1510
54.0290
50.0610
52.6250
52.9910
51.8310
51.7090
55.7390
53.7240
55.9220
53.1750
54.8840
55.1280
56.0440
53.7850
54.6400
55.9220
55.1890
53.9070
54.7620
52.9300
55.1890
52.6860
54.0900
55.8610
55.7390
51.9540
53.7850
55.5560
58.2420
53.5410
55.6170
55.1280
54.8840
54.1510
54.1510
53.1750
52.6250
52.5030
53.7850
52.9300
54.0900
54.7010
55.7390
54.7010
52.9910
54.8840
53.6630
53.7240
52.1370
50.9770
54.7620
55.1280
55.9220
53.6630
51.0380
53.1750
53.6020
54.6400
53.1750
52.5640
53.2970
54.1510
51.8310
55.6780
57.0820
52.5030
52.2590
54.7010
53.7850
52.9300
54.0900
53.9680
54.0900
51.6480
55.0060
55.1890
52.1980
52.0150
52.6860
56.8380
56.6540
55.3110
51.5870
51.0380
55.1280
53.7240
55.5560
55.1280
55.9220
54.9450
52.6250
55.1280
52.6250
52.7470
54.4570
54.1510
52.0760
53.1140
52.8080
51.9540
52.8080
52.9300
51.7700
52.7470
54.6400
56.1050
51.0380
51.3430
53.7850
56.1050
52.0150
54.1510
54.8840
56.1050
56.1660
52.8080
49.3890
53.7240
55.1280
53.7850
57.6310
57.0820
53.1750
51.7700
52.9300
54.1510
53.1750
54.1510
53.9680
54.8840
55.0670
53.7850
54.7620
56.0440
54.8840
54.9450
52.5030
52.8080
52.1980
54.0900
55.9220
54.1510
52.1980
52.8080
55.1280
54.0900
51.6480
50.8550
53.1750
53.1750
53.9070
52.8080
50.9770
51.2210
51.7700
52.1980
52.9910
53.0520
53.9070
53.1750
54.9450
54.7010
55.4330
54.2730
52.0760
53.4800
51.8310
53.1140
57.1430
54.9450
53.9680
58.0590
53.9070
53.1750
55.9220
55.6780
56.1050
51.7700
53.7850
53.4800
55.0060
55.3720
55.0670
52.9300
53.7240
51.9540
54.7620
52.0150
51.2210
53.2970
54.7620
55.0670
53.3580
55.6780
54.7620
54.0900
53.8460
54.7010
51.6480
53.1750
52.1980
52.6860
53.4800
53.9070
52.0150
54.1510
54.2730
52.9300
51.6480
51.5260
49.8780
52.1980
52.9910
54.0900
50.6720
54.1510
52.9300
53.1750
52.0150
54.1510
54.8840
53.5410
54.1510
54.1510
53.1750
53.8460
55.1280
52.6250
51.5870
53.9680
52.1370
51.7700
55.1280
57.1430
55.1280
54.2120
54.1510
55.1280
55.6780
52.7470
53.1750
54.0900
53.1750
54.0900
54.3960
52.0150
52.7470
53.7850
54.3960
51.8310
53.1750
51.7700
53.9070
53.1750
51.0380
53.1750
55.3720
54.0900
53.7240
54.8840
54.1510
52.9300
54.7620
50.0000
53.7240
56.1050
53.7240
54.8840
54.8840
50.5490
51.0380
53.2360
56.0440
49.0840
52.9300
52.8080
52.1370
52.1980
53.9070
52.1370
55.2500
52.7470
55.1280
55.6780
56.1050
55.7390
54.6400
55.1890
55.1890
55.8610
53.9070
53.7850
54.8840
51.7700
51.8310
54.1510
50.9770
53.0520
52.8080
51.0380
52.8690
53.9070
56.0440
53.0520
54.0900
52.8080
55.1890
52.0760
50.7330
52.9910
50.6100
52.9910
52.9910
54.3350
57.3260
52.8080
52.1980
53.9070
53.7240
52.9910
53.1140
52.2590
52.8080
52.1980
50.9770
53.9070
54.7620
53.9070
52.9300
54.1510
56.8990
53.7240
52.6860
53.7850
53.1750
53.7850
54.7010
53.9680
56.9600
53.4190
54.2120
54.0900
55.6780
53.9070
51.6480
54.0900
55.1280
55.8610
52.6860
53.1750
53.4190
55.1890
56.1660
53.7240
50.7330
54.6400
55.7390
52.6250
53.9680
54.1510
56.8990
57.0820
55.1280
56.7150
54.1510
55.8610
54.7010
54.8840
56.7150
53.4800
51.7090
50.7940
58.0590
53.2360
53.9680
55.6170
56.7150
54.1510
52.6860
53.7850
53.9070
51.3430
52.1980
52.2590
53.9680
52.1370
53.1750
53.1750
55.1280
51.7090
53.9070
53.1140
54.7620
52.4420
52.7470
50.6720
54.8840
55.1280
56.8990
54.1510
55.6780
52.9300
55.8610
56.1050
54.1510
53.9680
54.7620
54.6400
54.1510
50.0610
51.7700
56.1050
56.5930
53.6630
53.9680
52.2590
51.2210
52.9300
54.1510
55.1280
55.0060
54.7010
53.1750
52.8080
50.8550
53.4800
54.9450
53.7240
55.7390
56.5930
54.9450
55.1280
57.0820
53.9070
54.9450
57.0820
54.7010
53.9680
55.7390
54.7010
52.8690
52.7470
51.7700
52.1980
52.8080
55.6780
55.8610
52.1370
51.2210
51.9540
55.3720
55.8610
53.7240
53.1140
54.9450
52.7470
53.0520
55.3110
53.7240
53.1750
54.1510
53.6630
53.4190
54.8230
54.6400
56.1050
55.1890
54.6400
55.9220
55.0670
55.1280
55.1890
56.7150
55.3720
54.0900
52.6250
55.8610
53.7240
54.0900
55.3110
56.6540
54.3350
54.1510
52.8080
53.7240
52.8080
52.9910
52.1370
55.1280
53.9680
53.1140
54.9450
53.9680
51.8310
52.1980
54.8840
54.7620
53.4800
54.2120
54.9450
52.7470
54.0900
53.9680
53.9070
54.6400
53.1750
54.6400
54.6400
56.1050
56.0440
60.0120
53.9680
52.8690
54.0900
50.5490
51.6480
51.9540
54.9450
53.2360
54.9450
54.7010
54.6400
55.1280
51.9540
51.1600
51.9540
51.5260
53.7850
53.1140
54.0900
54.1510
53.9070
55.1890
53.1140
53.7240
52.9910
54.0900
52.4420
54.1510
53.9070
51.6480
51.2820
50.6100
52.1980
54.1510
53.6630
53.9680
55.0670
53.9070
54.7620
51.0380
51.3430
54.0900
57.1430
51.3430
52.9910
52.9300
53.8460
53.7240
54.1510
54.1510
52.6860
52.0760
53.9680
55.8610
55.3720
53.9070
52.5640
54.0900
53.7240
55.1280
55.1890
58.6080
55.1280
53.7240
53.9680
53.7240
53.6630
56.6540
55.1280
54.2730
50.5490
51.6480
51.9540
53.2970
53.9680
51.6480
53.1750
54.8230
55.9220
52.9300
54.9450
56.8990
55.4330
52.1980
53.7240
57.3260
54.9450
52.6250
53.7850
53.9680
51.0990
51.8310
54.7010
57.0820
53.9070
53.9070
54.0900
57.0820
56.0440
54.5790
53.7240
54.0900
55.7390
55.1280
53.9070
54.8840
51.7090
51.2210
55.4330
54.1510
50.9770
54.4570
56.5320
55.0670
55.1890
55.6780
55.0060
53.9070
52.7470
54.1510
55.8610
55.8610
53.9070
54.3350
54.1510
51.9540
52.8080
54.7620
51.2210
53.1750
51.8310
55.6170
53.9070
53.6020
52.8080
53.7850
51.8310
50.7330
51.0380
53.9070
51.8310
53.7850
54.1510
52.1980
50.7330
53.1750
53.9070
53.9680
51.8310
53.7240
54.1510
50.2440
55.0670
53.7850
53.1750
51.9540
52.9910
53.9070
53.1750
54.1510
55.8610
53.9070
51.7090
54.0900
54.9450
53.1750
55.0060
53.7850
56.6540
52.0760
51.9540
56.0440
54.7010
53.7850
54.1510
54.9450
54.0290
57.0820
54.0900
52.5640
53.5410
54.7010
55.0670
53.9070
51.7700
52.6860
52.8080
52.8080
54.3960
55.9220
53.6630
52.8080
53.7240
55.1280
55.2500
56.1660
53.7850
54.1510
51.5260
51.6480
51.8310
53.7850
52.5640
54.7010
54.9450
53.9680
51.8310
54.1510
56.0440
52.9910
52.1980
52.1370
56.1050
53.4190
55.1280
55.9830
54.6400
52.1370
51.2210
53.1750
55.4330
52.5030
54.1510
55.9220
51.9540
51.9540
49.8780
51.7090
55.0060
53.7850
54.3350
54.7620
53.1140
51.9540
51.7700
52.6860
53.9070
54.0900
55.9830
54.7620
53.1750
54.7620
53.6630
52.1980
51.7090
52.6250
53.5410
52.9300
54.8840
55.8610
53.7850
54.6400
55.0670
53.1140
55.0670
57.1430
56.0440
53.9070
55.0060
57.1430
54.7620
51.8310
53.1140
53.7240
53.7850
51.7700
52.9910
55.8610
55.7390
51.7090
51.5260
54.6400
54.3960
53.2970
50.6720
55.0670
52.0150
50.4880
53.1750
51.2210
50.7330
52.9910
53.9680
50.9770
52.0150
56.1050
53.9070
54.6400
51.8310
53.1750
53.1750
53.5410
53.4800
53.6630
55.1280
55.9220
54.1510
52.9910
55.1890
55.1280
55.1280
53.9680
54.9450
55.9220
55.7390
52.8080
53.7240
51.8310
53.4190
57.2650
53.1750
52.1980
54.9450
56.8990
54.7620
52.9910
53.1140
54.7620
55.9220
54.7620
52.7470
54.7010
52.8690
52.5030
52.9300
52.9300
53.1140
54.0290
55.1890
51.0380
52.6860
53.9680
55.7390
52.1370
52.9910
54.8840
55.7390
52.1980
54.7010
57.3260
54.2120
52.6860
54.6400
55.6780
51.7700
52.1370
51.9540
54.1510
53.4190
54.9450
53.9680
54.8840
53.7240
52.5030
53.1750
53.1750
54.8840
52.9910
54.8840
54.1510
53.1750
51.2210
52.8080
53.9070
51.8310
53.0520
55.3110
55.1280
54.5790
54.5180
56.8990
55.7390
55.7390
54.7010
54.8840
53.7850
52.1980
52.1370
54.3960
55.1280
52.8690
53.1750
54.7010
54.8840
52.8080
54.1510
55.1280
54.9450
53.9070
52.9910
54.2120
52.9300
52.6250
54.9450
53.3580
53.1750
51.7700
53.1140
50.7330
51.0990
52.5030
52.9910
52.6860
52.6860
50.0000
52.1370
52.6250
52.5640
53.7850
52.0760
54.0900
54.4570
54.2120
55.1280
54.7010
54.0900
55.0670
53.1750
51.8310
55.4330
54.0290
55.0670
55.7390
55.0060
51.8310
51.2210
53.0520
52.5640
52.6860
54.1510
54.2120
53.1750
52.5640
55.0670
55.1280
52.8080
52.9300
56.2880
52.2590
51.6480
55.0670
54.0900
51.8310
55.1280
53.7850
51.4650
53.1140
55.0670
53.1750
51.0380
50.7940
51.7700
54.5790
52.1980
49.6950
50.7940
54.0900
51.9540
49.8780
52.8080
53.1140
51.5260
50.2440
51.5260
51.8930
50.2440
51.0380
53.2360
54.0900
51.7090
54.1510
55.1280
54.1510
56.1660
53.1750
52.6250
53.9680
53.1750
55.0670
55.0670
57.1430
52.8690
55.1280
53.9680
53.0520
53.7850
49.8780
54.1510
55.1280
55.9220
53.7240
51.7090
51.6480
51.4040
52.4420
53.9680
53.9070
53.9070
55.7390
55.1890
52.6250
53.7240
55.0670
52.9910
53.7850
54.2120
55.1280
51.5260
53.7240
54.2120
51.8310
51.8310
55.1280
54.3960
53.1750
50.7940
49.8780
51.8930
52.9300
53.1750
52.3200
53.2360
53.9070
53.6020
52.8080
53.1140
54.1510
52.6860
54.9450
54.7010
53.9680
55.9830
55.7390
51.0380
52.5640
54.7010
53.1750
52.0150
51.0380
53.1140
55.0670
51.7700
50.3050
52.1980
55.1280
57.3870
53.7850
53.7240
53.7240
54.7010
54.0900
56.0440
54.5790
53.1750
53.9680
53.9680
51.8310
51.8310
53.6630
53.9070
51.7090
51.8310
54.0290
54.5790
54.1510
54.3960
53.9070
50.8550
50.9160
52.8080
54.1510
52.8690
54.9450
54.1510
53.6020
53.9070
55.8610
55.0670
55.7390
54.1510
53.1750
53.1750
55.1280
50.9770
52.9910
53.1140
54.5180
54.6400
53.4190
53.7240
52.9910
54.9450
56.0440
56.0440
54.5180
54.1510
54.9450
53.9680
52.1370
54.1510
52.7470
54.1510
53.6020
53.7850
53.7850
52.1980
52.1370
56.1050
54.9450
53.9680
56.1050
54.7620
52.1980
51.7700
52.8080
52.9910
52.0150
54.9450
51.9540
50.6100
52.6250
53.7240
51.9540
53.9070
54.9450
53.7240
53.7240
52.5030
53.8460
53.7850
55.1890
53.7850
51.2820
53.1750
52.8080
53.1750
50.6720
52.7470
53.1750
54.1510
53.7240
53.9070
56.0440
54.1510
53.4800
55.3720
57.2650
53.7850
55.1280
55.9220
52.7470
54.4570
53.9070
52.9910
51.7700
51.7700
53.9680
53.6630
54.1510
53.7240
52.9300
51.5260
52.1980
51.9540
52.9910
52.6250
53.4800
54.9450
54.9450
55.9830
55.4940
55.1280
55.9220
55.0670
52.0760
53.1750
54.8840
52.9910
55.8610
58.3640
54.1510
52.0760
52.8690
52.9910
56.1050
56.1660
55.9220
55.1280
54.1510
54.8840
55.1280
52.7470
52.8080
55.0060
53.9070
51.8930
53.7240
50.6720
51.9540
52.5640
52.9300
53.9070
50.4880
53.7240
54.9450
53.9680
55.3110
55.3720
53.9680
51.9540
53.7850
55.7390
51.7700
53.7240
55.1280
54.2120
51.6480
54.9450
56.1660
56.1050
53.1750
53.1750
55.2500
55.1890
54.0290
54.0900
53.7240
54.0290
53.5410
55.1280
53.9070
55.2500
54.6400
55.0670
53.5410
53.2970
49.7560
50.1220
52.1370
53.9070
53.1750
54.7620
54.7010
54.1510
53.9070
55.8610
55.7390
53.7850
52.1980
53.8460
54.8840
52.9910
54.1510
52.8080
53.7240
54.1510
52.1980
53.1750
53.7850
53.7850
53.1750
52.8080
53.7240
55.1890
52.0760
51.0380
51.8310
52.9910
52.0760
51.7700
52.6250
51.7700
55.1890
57.0820
55.0670
54.1510
55.6780
54.1510
52.8690
55.0670
56.1050
55.1280
56.1660
57.0210
53.7850
53.1750
57.6310
55.5560
53.9680
52.8080
54.1510
51.7700
52.6860
53.4190
53.9680
53.9680
50.7940
51.7700
53.7850
56.2270
51.7090
53.7850
54.6400
52.5030
56.5930
54.9450
51.8310
52.1370
52.5640
49.6340
51.7700
54.0290
50.0000
51.9540
55.1280
52.8080
53.1750
51.4650
55.1890
54.9450
55.0060
55.0060
57.6310
57.0820
54.9450
55.7390
55.5560
52.1980
54.0290
55.1890
54.0900
52.8080
55.6780
54.6400
53.4800
53.9070
54.3960
54.2120
51.7700
50.5490
52.9300
55.1280
54.2730
53.9680
55.1890
55.0670
51.7700
52.7470
55.1280
52.6250
52.6860
54.6400
53.1750
54.5180
54.0900
53.9070
52.8080
52.7470
53.9070
51.9540
54.8840
54.0290
54.1510
51.8310
48.5960
51.2210
52.5030
50.9770
54.2120
51.9540
54.0900
52.0150
53.8460
53.9680
53.6630
51.7700
55.0060
55.1890
52.6860
55.1280
55.1280
52.4420
52.0150
55.1890
54.5180
53.1140
53.7850
55.7390
54.8840
53.7850
54.2120
52.9910
53.1750
54.0900
53.1750
53.7240
53.7240
53.7850
52.8080
53.1750
53.7850
54.6400
54.1510
53.5410
51.2210
51.1600
52.8080
53.4190
55.6780
53.7240
56.1050
53.4800
55.9220
55.1280
54.0290
54.0900
55.0670
56.7150
54.7010
56.1050
54.1510
54.7010
56.1660
55.1280
52.8080
50.9770
55.1280
53.7240
53.7240
