121.3000
120.2300
121.0100
122.6100
121.1900
122.0800
121.3000
120.2300
119.8800
122.9700
122.4900
122.6700
121.9600
114.7000
113.9300
116.9000
114.1100
115.2400
116.2500
114.8200
115.0000
117.1400
117.2000
116.1900
117.1400
125.8800
126.4800
114.7000
113.9300
128.5000
128.3200
128.9700
127.1300
116.0100
117.2000
115.1200
116.1900
116.4300
118.5100
128.6800
129.3900
126.0000
127.1300
129.1500
127.4900
128.3800
127.8400
126.1200
127.3100
116.1300
118.1500
127.4900
129.3900
127.4900
126.3000
116.9600
114.5300
116.4300
116.7800
127.0100
127.9600
116.0700
118.0900
128.2000
128.8000
125.5300
127.0100
116.6700
114.1100
127.1300
129.0300
114.2300
115.8900
117.3200
118.9800
127.9000
128.5600
128.2600
127.2500
126.4200
127.5500
127.6100
129.0300
115.0000
116.0100
113.5100
118.9800
128.9200
126.7200
126.8300
126.9500
115.2400
114.6400
128.4400
127.6700
126.6000
128.0800
129.9900
130.4600
114.5800
117.2600
115.0000
114.1100
128.7400
129.9300
127.4900
128.6800
126.9500
128.5000
116.5500
117.5600
115.8300
116.6700
114.1100
115.1200
116.8400
114.1700
115.1800
114.7000
126.0600
127.1300
129.6300
128.0800
129.0300
126.1200
114.7000
114.8200
117.9100
114.2900
115.6000
116.4300
126.4200
128.5000
127.1900
129.3300
116.0100
118.0300
126.6000
126.3000
126.2400
127.7900
115.9500
116.6700
115.3600
115.6600
115.8300
118.2100
128.8000
130.2800
128.1400
127.3700
129.6900
126.8900
115.8900
116.3700
127.1300
127.0100
116.1900
118.8700
127.8400
128.2000
114.5300
114.5300
129.0300
126.5400
127.6100
127.8400
125.9400
127.7300
129.8100
130.4600
128.6200
127.3100
126.4800
127.0100
116.1900
114.0500
115.4200
116.6700
114.3500
115.3600
114.2900
113.5100
115.8900
118.6900
127.7900
126.7200
117.0800
114.8800
115.7700
115.8300
114.6400
116.4300
129.6900
126.8300
115.0600
116.9600
115.0000
115.1800
128.5600
126.1200
128.4400
127.7900
113.8700
115.1800
117.4400
113.9900
114.8200
117.0200
128.3800
127.0700
115.6000
119.0400
127.6700
127.2500
117.5600
115.5400
115.6000
117.0200
126.6600
127.4900
116.0700
119.2800
127.9000
126.7200
114.2300
115.0600
116.9000
116.8400
127.1300
128.0200
126.4200
128.5000
129.9300
129.3900
127.0700
128.5600
127.4900
127.5500
117.2000
114.7000
115.3600
115.8300
128.8600
127.6700
128.5000
129.4500
127.4300
129.4500
117.0800
115.4800
116.6700
118.3900
126.4800
126.6600
130.3400
129.0300
115.3600
116.3700
114.2900
115.1200
116.5500
118.2100
128.2600
129.8100
127.9000
126.4200
116.3100
113.7500
114.8800
114.8200
127.4900
127.2500
116.9000
116.4900
113.9900
115.3600
129.0900
130.1000
127.6700
128.4400
114.0500
114.7000
115.3000
117.9700
126.9500
127.1300
114.4100
114.1100
129.5100
129.9300
127.0700
128.0200
115.7100
119.4000
127.1900
129.6900
128.5600
126.0600
129.0900
129.3900
114.4700
114.6400
128.8000
125.8200
115.0600
115.2400
125.8200
127.4300
115.7100
116.4900
114.6400
115.9500
129.5700
126.2400
126.7700
129.3300
115.6600
115.3000
130.8200
126.2400
127.1300
127.6700
129.9300
126.6000
128.8600
128.4400
126.0000
127.1900
130.2200
128.4400
115.3600
116.8400
125.4700
126.1800
117.3200
114.4700
126.8900
126.5400
126.8300
128.3800
116.1900
116.6100
114.8800
116.0700
129.1500
126.5400
128.5000
126.3000
127.1900
127.0700
129.6900
125.8200
127.5500
127.5500
114.6400
114.3500
128.0200
128.9700
114.2300
116.4300
115.0000
116.1300
128.2000
129.8700
126.6000
127.2500
129.5700
127.1300
127.6700
129.0900
115.9500
116.3100
117.0800
117.2600
115.5400
116.8400
130.7600
127.3700
127.0100
126.6600
125.5900
127.0700
126.7200
126.0600
115.8900
115.7700
128.0200
128.3800
128.6800
125.1100
115.0000
115.4200
129.9900
125.6400
127.3700
128.3200
115.3000
114.7000
115.5400
114.2900
115.8300
116.0700
114.0500
115.1800
117.0800
118.8100
127.6700
128.5600
127.2500
126.7200
117.0800
114.9400
127.4900
127.7900
115.3000
115.0000
129.2700
128.6800
127.2500
127.9600
126.2400
126.7700
127.2500
126.7200
127.6700
127.8400
114.1100
115.1200
116.6100
116.6700
115.1200
116.5500
115.3000
114.0500
117.6200
114.4100
114.7600
116.1300
126.4200
128.0200
128.3800
129.1500
115.8300
114.7000
114.5800
114.1700
115.4200
119.9400
126.5400
126.8900
118.5700
114.2300
127.9600
128.1400
128.4400
129.0900
117.2000
117.2600
115.4200
118.3300
125.9400
126.3600
116.4300
113.9900
115.6600
115.2400
114.5300
115.0000
116.2500
117.0800
127.4300
129.1500
126.1800
130.2200
127.1900
128.5600
128.9700
127.0100
129.3900
128.2600
127.3700
128.5600
117.7400
114.1700
128.8000
128.9200
126.0000
128.4400
117.3800
116.8400
114.7000
117.2600
115.0000
113.8100
117.3200
114.8200
127.0700
128.0200
126.9500
127.0700
114.7600
116.2500
127.1300
128.4400
129.3900
126.0600
127.3100
129.4500
127.0700
127.7900
127.0700
128.0800
127.3700
128.3200
128.8000
127.7300
115.7700
117.3200
115.7700
118.3300
126.8300
127.7300
128.5600
126.3000
115.6600
116.6100
114.5800
115.6600
127.0100
126.4800
114.6400
116.7800
114.1700
115.1200
117.2600
114.7600
127.1900
128.6800
113.8100
116.4300
128.9200
126.6000
116.0100
116.4900
114.3500
114.7000
126.0600
125.7600
126.8300
129.0300
126.4200
128.2600
128.0800
126.1800
116.3700
114.3500
114.2900
115.0600
116.9600
115.5400
127.7300
128.3800
127.5500
128.8600
128.0200
128.5000
114.2900
116.3700
126.6600
127.1900
117.0200
114.3500
115.0000
116.4300
127.0100
128.5000
117.0800
118.0900
126.7700
128.5600
114.1100
114.7000
129.0900
124.2200
127.3700
127.6100
114.8800
115.0000
128.6200
128.3800
114.4100
117.6200
130.4600
125.6400
116.0100
119.0400
127.9600
126.3000
128.9700
127.0100
128.8000
129.5100
127.6100
129.2700
115.7700
117.2000
127.4300
125.2900
115.1800
114.9400
130.2200
126.9500
115.4200
116.1900
126.2400
127.8400
125.3500
129.9900
127.1900
129.1500
126.8300
126.6000
117.0800
115.2400
114.7000
115.5400
127.3100
127.7900
128.1400
126.1800
115.3600
117.9700
126.6600
126.0000
128.8000
126.4800
129.3300
127.6100
114.1100
115.3000
130.2200
129.9900
115.6000
117.5000
114.8200
115.3000
117.8600
114.4100
116.0700
117.6800
127.6700
129.4500
126.7200
125.9400
117.5600
113.8100
115.1200
116.1300
125.8800
128.6800
116.2500
118.4500
128.6800
126.0000
115.1200
115.9500
113.8100
115.9500
115.0000
113.9900
116.3700
114.4100
114.4700
114.5800
126.1200
127.6700
129.0300
128.8000
116.1900
113.8700
114.6400
117.0800
126.6000
127.0700
117.4400
118.1500
128.7400
129.1500
126.4800
127.9600
129.9900
127.7300
113.5700
113.4500
116.3700
117.3200
114.9400
115.1800
128.8600
127.5500
129.2100
129.3300
114.7600
116.6100
114.5300
114.5300
130.3400
127.4300
129.0900
129.2700
127.1300
129.2100
115.0000
114.7600
129.0900
126.5400
116.3700
117.2000
127.4300
128.8600
113.2200
114.5300
117.5000
114.6400
115.1800
117.0200
126.7700
129.3300
125.8800
126.1200
117.0200
113.9900
115.4800
116.1900
126.4200
127.8400
117.4400
116.7800
116.5500
114.8800
114.5300
115.8300
126.8300
128.4400
117.0800
113.6900
115.1200
115.0600
116.4300
115.6000
130.5200
126.9500
128.4400
128.8600
127.7300
128.8000
126.3600
126.1800
115.1800
114.5800
115.8300
116.6100
114.5800
116.0700
114.6400
115.1800
129.3300
128.9200
127.9600
127.6100
126.0600
127.2500
117.5600
117.6800
116.9000
117.5000
115.0600
115.7100
117.8000
114.4100
117.0200
116.9000
128.5000
129.6900
126.8900
126.7700
116.2500
113.3400
115.5400
115.8900
113.8100
116.7300
117.6200
114.2300
116.1300
116.3100
115.3000
116.9600
127.4300
129.0300
116.9000
113.8100
116.7800
114.6400
127.7300
127.9000
127.1300
127.7300
129.6900
128.9700
115.1200
117.5000
115.0600
114.3500
126.6000
126.7700
129.0300
129.0900
127.6700
128.9700
126.1200
126.1800
116.8400
113.7500
128.3200
129.0900
114.3500
116.7800
127.1300
126.6000
125.4100
127.1300
127.9000
128.3200
114.5300
115.7100
129.2700
126.7700
116.3100
118.6300
127.6100
127.9600
127.0700
127.1300
116.6100
119.6400
129.2700
126.8300
127.6100
127.9000
126.8900
128.1400
128.7400
126.1200
117.3800
113.9300
115.6000
115.8300
114.7600
116.1300
113.9300
116.1300
116.1300
115.0600
126.8900
128.2000
114.4700
115.1800
128.2600
129.2700
127.3100
128.8000
116.1300
115.3000
129.8700
126.8900
126.9500
127.9600
126.9500
129.0300
130.2200
126.1200
115.0600
114.4100
114.2300
114.7600
114.7600
114.3500
117.0800
114.2300
115.0600
114.5800
115.1800
114.6400
129.6900
127.0700
115.2400
116.9600
127.0700
128.3800
125.7600
125.9400
128.8600
125.9400
115.7700
115.5400
114.5300
114.9400
128.4400
129.9300
116.0100
118.6300
126.3600
126.7200
125.4700
126.0600
115.6600
117.0800
114.3500
117.0200
126.2400
129.5100
128.4400
126.1800
115.3600
116.3100
113.4000
115.5400
129.5100
128.5600
114.5800
115.8900
114.2900
115.6600
117.2600
114.6400
116.1300
116.7800
127.1300
128.6800
117.0800
119.4000
130.1000
126.1200
127.4300
128.0800
126.4200
127.4900
129.1500
128.4400
128.2000
126.3600
114.4700
115.1800
126.2400
126.0600
116.6100
116.1300
114.5300
117.2600
130.2800
126.0000
115.7700
116.1300
115.5400
115.6600
125.8200
128.2000
115.9500
118.7500
128.5600
129.9300
126.1200
126.6000
128.4400
126.4200
115.5400
116.1300
113.9900
116.0100
114.8200
116.0100
127.7900
128.8000
114.5300
115.7100
125.8200
127.7300
130.1000
129.0300
115.3600
116.0100
113.9900
116.3700
129.2100
127.4900
115.2400
116.3100
126.6600
128.1400
114.2300
118.5700
128.6800
126.4800
127.7300
129.1500
126.8300
127.9000
116.1300
115.0000
115.4800
118.3300
126.8300
126.8300
117.4400
115.8300
128.8600
128.6200
127.1900
128.9200
115.1800
115.0000
129.1500
126.6600
115.1200
116.4900
126.8300
128.0800
129.6900
126.6000
126.6600
128.3800
126.3000
126.6600
116.8400
114.9400
127.8400
127.7300
114.2900
115.4200
128.9200
130.9400
128.3800
126.1200
114.1700
115.3000
125.6400
126.5400
116.6700
117.0200
126.6600
128.3200
130.1000
128.5000
128.8600
126.7700
127.0100
127.3100
126.0000
126.8900
128.5600
126.9500
126.3000
128.6800
126.4200
128.5600
129.2700
129.5100
127.0100
127.4300
117.5000
114.4100
115.4800
115.8300
114.8200
115.2400
116.1900
114.4100
115.8300
117.9700
127.4900
128.3200
129.6300
127.1300
115.7700
115.7100
114.7600
115.7700
116.2500
119.2800
127.5500
129.2100
114.8200
114.1700
129.8100
127.2500
127.8400
127.8400
127.2500
127.9000
116.1300
115.1800
116.2500
119.3400
127.3100
127.0700
127.3700
126.7700
128.6200
129.1500
115.3600
116.9600
114.1100
114.5300
115.3600
114.1700
116.4300
116.9000
114.4700
116.1900
125.5900
125.8200
128.6200
129.0900
127.9600
128.5600
129.8700
128.0200
115.3600
117.2600
127.7900
128.4400
114.6400
117.0200
116.7800
114.4700
115.1200
115.6000
127.0100
127.4300
128.4400
128.3800
115.2400
116.7800
115.7700
114.7000
117.2600
114.5300
115.6600
116.4900
127.0100
128.7400
126.3000
126.4200
127.6700
126.3600
115.2400
114.3500
127.1900
127.3100
128.9700
129.5700
114.7000
118.0300
126.1200
126.0600
117.8000
113.9300
115.0600
115.7700
126.9500
128.7400
117.6200
118.9300
128.0200
128.6800
114.1700
115.6000
117.9700
115.1200
127.5500
129.6300
127.6700
128.7400
117.5000
118.9800
128.0200
130.2200
127.3700
126.6000
116.1900
114.7600
127.3700
128.0800
129.6300
126.4200
129.2100
129.6300
127.6700
128.4400
117.2600
114.1100
116.1900
119.6400
127.3700
128.1400
116.0700
116.1900
116.1300
117.5000
127.9600
128.0200
130.1600
125.6400
116.2500
117.6800
114.7000
114.8200
126.6600
126.6600
128.5600
128.2600
125.9400
127.7300
129.2700
128.2000
129.1500
125.4100
114.4100
114.6400
117.8000
114.2900
115.4800
117.4400
127.1900
128.9700
126.7700
126.6000
128.7400
126.4800
115.0600
114.5300
113.8700
114.8800
115.7700
116.1300
114.5800
116.1900
126.3000
127.4300
114.5800
113.5700
113.8100
114.5300
116.4300
113.9300
115.7100
116.7800
114.1700
116.2500
117.7400
114.4100
116.4300
119.3400
129.8700
127.7300
128.9700
125.6400
115.5400
115.7100
126.1800
126.7700
116.1900
116.2500
115.0600
116.7300
118.0300
116.3700
115.5400
117.3200
114.1700
115.3600
128.3800
126.8900
126.6600
128.5000
129.3300
126.4800
115.4800
116.3100
113.4000
115.3000
128.3200
128.8000
127.1300
128.1400
126.6000
128.7400
114.5300
117.9700
126.2400
126.9500
117.2000
118.0300
126.6600
126.5400
126.0600
126.6000
127.6700
128.0800
113.7500
114.2300
116.0700
116.2500
115.0600
114.2300
129.6900
129.1500
113.6300
116.3100
115.6000
118.1500
127.6100
128.3200
115.6000
117.5600
116.2500
117.8600
125.9400
125.7000
127.7300
127.4900
114.1700
114.1700
116.1900
117.2000
114.8800
114.8800
116.5500
114.7600
115.7100
115.4200
116.5500
113.9900
128.6200
126.8900
126.3000
127.7900
128.5000
129.8100
126.6000
127.3700
115.8900
116.3700
126.4200
128.0800
129.0300
128.8000
114.7600
116.3100
115.7700
118.0900
126.7700
128.2600
127.1300
127.8400
115.3600
117.6200
113.7500
114.8200
129.3900
129.5100
126.3600
127.4300
128.1400
128.5600
126.7200
127.1900
116.9600
113.9900
114.9400
114.4100
129.0300
125.9400
126.6600
127.7900
115.4800
116.3100
127.3700
128.0200
114.5300
115.5400
115.8300
115.4800
127.0100
128.6200
116.9000
118.3300
126.6600
128.9200
126.3000
129.6300
127.4900
128.5000
127.3100
125.8800
115.8900
117.8000
115.5400
115.2400
129.0900
127.0700
127.9000
127.2500
116.9600
114.7000
115.2400
117.3200
113.8700
115.3600
116.5500
117.2600
115.2400
116.9000
126.6600
126.3600
129.4500
128.4400
114.4100
115.7100
130.1600
126.8300
128.2000
127.3700
126.2400
127.1300
115.8900
116.5500
126.4200
127.1900
116.3100
116.6100
126.3000
127.6700
117.2000
116.7300
126.6600
127.3100
129.1500
128.3200
114.2900
116.6100
113.2800
118.9300
127.5500
129.8100
129.5700
126.4800
127.8400
130.0500
126.8300
126.5400
129.0300
125.9400
129.0300
126.1200
117.2600
118.9800
127.6700
127.4900
116.4900
115.1800
114.5300
115.1800
126.1800
126.7200
115.8300
116.1900
113.9900
115.0000
127.7900
127.4900
114.2300
115.2400
116.4900
116.4300
114.1700
115.6600
128.6800
126.6000
115.4800
115.5400
126.4800
126.6000
115.3600
116.5500
126.3000
127.4300
126.6600
129.2100
125.1100
128.0200
127.5500
128.3200
113.6300
113.9900
115.6000
118.7500
126.8900
127.1900
116.4900
119.1000
127.3700
127.1300
117.3800
114.1700
127.6100
127.0700
117.9100
115.4200
128.2000
128.6800
126.8300
127.9000
116.7800
117.6800
127.4900
126.8900
117.1400
115.6600
114.5800
117.5600
114.7600
114.4700
117.0800
118.3900
126.1800
127.9600
115.0000
119.2200
128.1400
128.5000
129.5700
128.0200
128.0200
128.5000
126.5400
127.0100
116.3700
117.9100
127.1300
129.3900
116.0100
115.7100
128.2000
128.2000
128.5600
128.5000
128.6200
129.2100
116.8400
118.1500
127.4300
129.6900
118.0300
119.8800
127.9600
129.0900
126.6000
127.2500
128.1400
129.3300
126.6600
126.1800
117.5000
116.9000
114.2900
115.0000
116.5500
119.4000
126.7700
126.2400
127.4900
126.4200
115.9500
114.7600
116.7800
114.8200
127.9600
128.8000
114.5800
114.5300
116.2500
116.3100
126.7700
127.8400
116.6100
115.8900
115.1200
115.0000
116.3100
116.4300
114.6400
116.3100
129.6900
129.0900
116.2500
115.8900
116.8400
116.7800
115.0000
117.3200
114.1700
115.7700
116.1900
116.6700
130.2200
127.1900
115.3600
115.8900
114.2300
113.7500
115.7100
116.8400
114.5300
114.4100
116.5500
117.9700
126.6000
126.5400
127.9000
126.1200
127.2500
127.7900
129.8100
127.8400
114.4700
114.2900
126.2400
127.6100
127.1900
126.9500
127.8400
127.7300
115.4800
116.3100
114.8200
115.0000
114.9400
115.3000
114.4100
114.5800
115.9500
116.5500
126.4200
127.4300
129.0300
128.4400
114.1100
115.5400
116.8400
118.6300
127.7900
128.3800
128.8600
128.4400
115.3600
116.6700
127.4900
127.3100
127.1300
129.3900
114.0500
113.9300
116.6100
115.3600
113.6300
114.4700
116.3700
115.4200
115.2400
114.4700
118.0900
115.0000
115.3000
115.8300
126.6000
126.6600
116.8400
117.5600
128.2000
128.5000
117.5000
119.4600
127.4300
128.7400
117.1400
113.7500
115.6600
117.9100
116.2500
115.1800
128.0800
126.6000
115.4800
114.9400
113.9300
115.3600
115.5400
116.3100
114.8200
115.8300
117.2600
118.2100
128.4400
129.6900
117.6200
117.8000
115.8300
116.6100
113.4500
119.2200
128.3200
129.0900
116.2500
114.4100
116.3700
117.5600
126.8300
126.6000
116.9000
118.9800
127.4900
127.1900
116.5500
117.8600
125.6400
126.4200
116.6700
119.4600
127.4300
128.4400
128.3800
125.7000
115.7100
115.2400
129.1500
126.3000
127.4900
128.4400
129.8700
126.7200
127.8400
127.2500
116.1900
113.9300
116.5500
115.9500
114.1100
115.7100
129.3900
129.4500
127.1300
128.3200
128.6200
126.1200
115.7100
116.0700
115.7100
120.1100
127.9000
127.4300
126.4200
126.6000
128.5000
127.7300
126.8300
126.6000
115.7700
119.9400
127.1900
126.4800
117.8000
114.2300
115.4200
115.7700
128.5000
126.7200
127.6100
128.0800
126.7700
126.3600
115.7700
114.3500
113.6300
115.0000
128.6800
127.8400
113.7500
114.5300
128.7400
130.2200
126.8300
127.7900
117.9700
119.2200
127.0100
129.0300
129.2700
125.4700
115.6600
116.5500
117.9700
120.0600
128.6800
129.5100
113.5700
115.7700
116.4900
120.1100
126.5400
126.8300
117.1400
114.1100
115.2400
115.1200
113.9300
115.2400
127.9000
127.6700
113.8700
116.3700
129.1500
127.1300
116.6700
116.0700
117.8600
116.7800
114.3500
117.5600
113.5700
113.4500
116.5500
114.4100
114.1700
115.4800
129.0300
126.4800
115.0000
114.2900
129.8700
125.7600
114.7000
116.0100
114.0500
114.6400
115.8300
115.8300
125.9400
126.7200
116.4900
115.8900
113.6900
115.3000
128.3200
127.9000
127.3700
127.8400
115.4800
115.3000
114.4700
115.9500
116.2500
117.0800
126.8900
128.2000
117.9700
117.3800
114.8800
115.9500
128.9200
125.6400
115.6600
116.8400
126.1800
126.4200
127.4300
129.6300
116.0700
117.8600
116.6100
116.8400
114.2300
115.1800
128.7400
127.7300
126.7200
126.6600
116.4300
118.0300
128.5600
126.4200
129.5100
129.0900
114.3500
115.8300
128.9700
125.9400
127.8400
126.8300
116.3700
114.3500
126.1800
127.7300
128.0800
126.6000
115.3600
115.7100
117.2600
113.9900
127.7900
126.9500
117.9100
114.9400
115.9500
115.1200
114.4700
115.1800
127.4900
128.9200
130.5200
127.0100
114.1100
115.8300
128.3200
126.8300
116.1900
117.0200
114.5800
116.4300
117.5000
118.0900
127.5500
127.9000
128.4400
125.8200
115.7100
116.4900
126.2400
126.3600
115.4800
116.8400
115.1800
116.5500
116.0100
119.2200
127.0100
127.4900
129.2100
126.1800
115.5400
115.3600
125.5300
126.7700
115.6600
115.8900
126.3600
127.2500
128.4400
128.4400
115.6600
114.9400
116.6700
116.9000
127.1300
127.3100
127.7900
125.5900
127.2500
127.7300
114.7000
118.2100
127.7900
128.3200
126.4200
131.0000
128.0200
127.4300
114.4100
113.8700
129.5700
126.1800
127.1300
127.0700
113.5100
114.5800
115.3600
115.3000
116.4900
114.1100
117.5000
117.3200
126.9500
127.4300
114.5800
114.9400
115.1800
117.3200
116.7800
118.6900
128.0800
129.0900
117.5000
117.3800
116.1300
116.5500
113.9300
113.9300
115.8300
118.9300
127.2500
126.0000
125.0500
127.0700
115.0000
115.1200
116.4900
113.8700
127.8400
126.8300
128.6800
127.4900
115.0000
114.8800
130.2200
127.7300
127.8400
128.9200
130.3400
126.8900
127.5500
128.8000
117.6200
115.3600
115.7100
116.6700
128.3200
128.3800
127.3700
128.4400
114.7600
116.7800
128.3800
127.6700
114.7600
117.8000
129.2100
128.5000
116.1900
117.6200
114.7000
114.2300
116.4300
119.4600
126.7700
126.7700
114.5300
115.8300
127.6100
127.0700
115.6600
114.8200
129.0300
128.3200
113.9300
114.8200
128.9200
128.6800
115.0000
115.8300
129.2700
129.3900
127.4900
127.7300
117.1400
118.6900
127.7300
129.4500
126.0000
125.8800
115.6000
118.8100
126.7700
126.1800
116.7800
115.8300
114.7000
115.3000
114.9400
114.5300
128.2000
127.6100
125.9400
126.3000
128.8600
128.4400
114.6400
115.8300
116.7800
118.5700
126.8900
128.3200
116.9600
114.4700
116.7300
113.9300
114.6400
114.8800
126.0000
127.1300
127.7300
129.1500
114.1700
115.6000
116.6700
118.3300
126.8900
128.3200
116.0700
116.3700
114.5800
116.2500
129.9900
130.1000
127.9000
129.6900
126.8300
126.3600
116.7800
116.7300
126.4800
126.7200
116.8400
115.1800
114.5800
115.4800
128.4400
126.6600
115.7700
115.4800
117.4400
115.5400
115.6000
115.5400
129.2100
128.5600
128.0800
127.7300
115.4200
116.1900
129.4500
125.9400
128.1400
128.0200
126.1800
126.3000
127.0100
128.1400
128.2600
129.5700
114.2900
116.4300
113.1600
118.0300
127.7300
127.9600
116.0100
116.4900
114.7600
116.9000
114.3500
117.9700
127.6700
128.2000
129.5700
130.1600
127.3100
129.5700
115.3600
119.3400
128.3800
127.0700
113.9900
113.4000
116.1900
118.8100
129.6900
126.0000
115.1800
117.5000
125.9400
125.9400
116.1900
117.2600
127.0100
127.6100
115.7700
119.0400
126.0000
125.6400
127.1900
128.4400
129.1500
127.0700
128.5000
129.9900
126.8300
127.0700
129.4500
126.0600
127.7300
127.0700
129.2700
125.5300
125.4700
126.6000
128.9700
126.6000
128.4400
126.0600
116.0700
116.1300
127.1300
126.1200
128.0200
128.9200
114.2900
114.9400
116.3100
117.0800
129.1500
126.6600
127.3100
126.7700
126.3600
127.4900
115.0000
113.8700
114.1700
113.8700
127.6100
126.7700
126.8900
126.4200
116.9600
115.4200
127.2500
128.8000
115.8300
114.1700
127.3700
127.3700
116.1900
114.7000
116.7300
116.5500
127.6100
127.9000
116.1900
116.2500
113.8100
115.6600
130.1000
130.6400
127.0100
129.0300
127.9000
129.4500
127.6100
127.5500
114.8800
115.4200
127.4900
130.1000
128.7400
130.3400
113.9900
116.1300
126.0000
128.5000
115.7100
116.5500
114.1700
114.9400
129.1500
126.3000
126.6600
126.4800
128.6800
125.7600
127.3100
127.8400
114.3500
115.0000
126.7200
127.8400
114.9400
114.7000
116.3700
115.5400
114.2900
115.6000
128.3200
128.4400
126.5400
127.4300
117.9700
117.3800
126.6600
128.6200
117.0800
117.3800
127.1300
128.8600
126.1800
130.1600
125.8800
128.3800
117.2600
118.6300
127.7300
129.1500
116.0700
116.8400
116.1900
116.6700
117.8000
116.6100
115.7700
118.2700
126.8900
126.3000
115.9500
116.2500
114.1100
114.7600
128.6200
128.3200
115.1200
114.7000
117.2000
118.2100
127.9000
128.3800
113.8100
114.8200
127.7300
128.4400
129.9900
127.1300
127.3700
127.1300
128.7400
127.4900
128.6200
126.9500
114.8800
114.3500
115.7100
115.1200
126.5400
126.7700
129.8100
128.2000
113.5700
115.6000
128.1400
128.5600
113.7500
115.6000
128.4400
128.5600
114.2300
114.5800
127.4300
128.5600
114.5300
115.3000
116.7800
117.2600
127.3700
128.7400
129.6900
129.6300
114.8800
117.0200
126.0600
125.7000
115.2400
117.0200
130.2800
126.6000
115.0000
117.3800
117.9100
113.7500
116.8400
117.5000
114.2300
114.1700
127.6700
128.9200
128.2600
126.0000
116.3100
116.8400
113.9900
115.3600
129.1500
127.2500
126.0600
126.8900
128.6200
129.2700
115.1200
114.9400
115.8300
115.2400
114.5300
114.8800
116.7800
118.1500
127.0700
126.7200
116.7300
113.1600
115.6000
116.7800
128.6800
129.3900
127.2500
128.5600
116.5500
117.5000
114.6400
115.1200
116.7800
119.3400
127.0700
127.4300
117.7400
118.4500
126.7200
127.1900
128.3200
129.1500
126.7700
125.8800
116.0700
119.4600
127.6100
127.2500
116.7300
118.1500
115.6600
115.3600
126.9500
126.6600
129.6300
127.4300
116.7800
114.1700
126.9500
126.5400
117.7400
114.4700
128.4400
128.0200
115.3600
114.3500
128.6200
127.6700
118.3900
115.2400
128.9700
128.5600
126.7200
128.3200
117.0800
116.8400
114.3500
116.0100
129.5100
130.0500
127.9000
127.2500
127.5500
126.0000
115.3600
115.0600
118.3900
114.1700
115.8300
114.6400
114.8200
115.0000
128.6800
126.6600
115.0000
114.7000
128.2000
126.3600
114.0500
115.4800
130.0500
128.5000
126.8900
126.8300
117.1400
114.1100
114.8200
116.0700
126.1200
126.2400
127.4900
126.1200
129.5100
126.8900
126.6600
125.7600
117.3200
114.4100
114.1700
114.8200
128.6800
125.5300
115.0600
113.8100
116.4900
117.6200
114.9400
114.4700
117.9700
113.7500
114.2300
114.8800
114.1100
117.8000
128.2000
127.1300
128.4400
126.0000
127.1900
126.4200
129.5700
127.1300
127.6700
127.2500
129.7500
125.9400
116.0100
115.6000
117.0800
114.1100
128.2000
127.1300
127.1900
126.6600
128.4400
127.2500
129.5100
126.7700
115.3600
115.0000
130.2200
127.9600
129.1500
127.8400
117.3200
114.5300
115.7700
115.6000
114.2300
115.3000
115.3000
116.1300
127.4900
127.0100
116.7300
115.7700
114.1700
115.7100
129.3900
129.4500
114.5800
114.8200
128.9700
128.3200
126.4800
126.8900
116.1900
117.6800
127.1300
127.4900
116.7300
116.7800
126.4200
128.1400
128.4400
128.8000
113.8700
115.1200
128.5600
129.5700
115.8900
114.5300
128.0200
128.1400
114.2900
114.9400
128.4400
128.8000
126.6600
126.6600
128.0200
128.2000
126.6000
126.7700
116.1900
116.0100
126.7700
126.5400
127.6700
127.7300
114.1700
114.6400
127.6700
127.6700
116.1900
115.1200
127.6700
128.4400
129.3300
126.9500
116.0100
115.6000
114.2900
116.4300
126.5400
127.0700
113.4500
113.8100
114.3500
114.7000
128.8600
128.5000
114.3500
114.5800
116.3100
119.3400
126.0600
126.5400
129.3300
125.7600
126.7200
126.4800
116.9000
118.0900
115.0000
114.1100
128.0800
125.6400
114.1100
114.1700
115.9500
117.7400
114.3500
113.9900
116.6100
115.8300
116.7800
115.4200
128.5000
128.0800
126.7700
126.2400
128.6200
128.5600
115.6000
116.9000
129.3900
128.6200
127.0100
126.7700
116.5500
116.9600
115.1800
114.7600
126.0600
