year	age	agesq	nbh	cbd	intst	lintst	price	rooms	area	land	baths	dist	ldist	wind	lprice	y81	larea	lland	y81ldist	lintstsq	nearinc	y81nrinc	rprice	lrprice
1978	48	2304	4	3000	1000	6.907800197601318	60000	7	1660	4578	1	10700	9.277998924255371	3	11.002099990844727	0	7.4145731925964355	8.429017066955566	0	47.71770095825195	1	0	60000	11.002099990844727
1978	83	6889	4	4000	1000	6.907800197601318	40000	6	2612	8370	2	11000	9.30565071105957	3	10.596630096435547	0	7.867870807647705	9.032408714294434	0	47.71770095825195	1	0	40000	10.596630096435547
1978	58	3364	4	4000	1000	6.907800197601318	34000	6	1144	5000	1	11500	9.350102424621582	3	10.434120178222656	0	7.042285919189453	8.517192840576172	0	47.71770095825195	1	0	34000	10.434120178222656
1978	11	121	4	4000	1000	6.907800197601318	63900	5	1136	10000	1	11900	9.384293556213379	3	11.065070152282715	0	7.035268783569336	9.210339546203613	0	47.71770095825195	1	0	63900	11.065070152282715
1978	48	2304	4	4000	2000	7.600900173187256	44000	5	1868	10000	1	12100	9.400960922241211	3	10.691949844360352	0	7.532623767852783	9.210339546203613	0	57.773681640625	1	0	44000	10.691949844360352
1978	78	6084	4	3000	2000	7.600900173187256	46000	6	1780	9500	3	10000	9.210339546203613	3	10.73639965057373	0	7.484368801116943	9.15904712677002	0	57.773681640625	1	0	46000	10.73639965057373
1978	22	484	4	4000	2000	7.600900173187256	56000	6	1700	10878	2	11700	9.36734390258789	3	10.933110237121582	0	7.438384056091309	9.294496536254883	0	57.773681640625	1	0	56000	10.933110237121582
1978	78	6084	4	3000	2000	7.600900173187256	38500	6	1556	3870	2	10200	9.230142593383789	3	10.558409690856934	0	7.349874019622803	8.26101016998291	0	57.773681640625	1	0	38500	10.558409690856934
1978	42	1764	4	3000	2000	7.600900173187256	60500	8	1642	7000	2	10500	9.25913143157959	3	11.01039981842041	0	7.403669834136963	8.853665351867676	0	57.773681640625	1	0	60500	11.01039981842041
1978	41	1681	4	3000	2000	7.600900173187256	55000	5	1443	7950	2	11000	9.30565071105957	3	10.91508960723877	0	7.274478912353516	8.980927467346191	0	57.773681640625	1	0	55000	10.91508960723877
1978	78	6084	4	1000	4000	8.293999671936035	39000	6	1439	4990	1	8600	9.059516906738281	3	10.571319580078125	0	7.271704196929932	8.515191078186035	0	68.7904281616211	1	0	39000	10.571319580078125
1978	38	1444	0	6000	4000	8.293999671936035	41000	5	1482	8017	1	12200	9.409191131591797	3	10.621330261230469	0	7.301147937774658	8.989319801330566	0	68.7904281616211	1	0	41000	10.621330261230469
1978	18	324	0	5000	4000	8.293999671936035	50900	6	1290	12538	2	12400	9.42545223236084	3	10.83761978149414	0	7.1623969078063965	9.436519622802734	0	68.7904281616211	1	0	50900	10.83761978149414
1978	32	1024	0	9000	7000	8.853699684143066	52000	6	1274	7858	1	16800	9.729133605957031	3	10.859000205993652	0	7.149917125701904	8.969287872314453	0	78.38800048828125	0	0	52000	10.859000205993652
1978	18	324	0	9000	8000	8.987199783325195	49000	6	1476	15664	1	17200	9.752664566040039	3	10.799579620361328	0	7.297091007232666	9.659120559692383	0	80.76976013183594	0	0	49000	10.799579620361328
1978	58	3364	4	2000	3000	8.006400108337402	80000	7	1838	9249	2	9900	9.200289726257324	3	11.289779663085938	0	7.516432762145996	9.132270812988281	0	64.1024398803711	1	0	80000	11.289779663085938
1978	56	3136	4	2000	3000	8.006400108337402	50000	6	1536	10491	2	10000	9.210339546203613	3	10.819780349731445	0	7.336936950683594	9.258273124694824	0	64.1024398803711	1	0	50000	10.819780349731445
1978	70	4900	4	2000	3000	8.006400108337402	59000	5	2458	9400	2	10000	9.210339546203613	3	10.985289573669434	0	7.807103157043457	9.148465156555176	0	64.1024398803711	1	0	59000	10.985289573669434
1978	26	676	4	3000	4000	8.293999671936035	42000	4	750	8000	1	10600	9.268609046936035	3	10.64542007446289	0	6.620072841644287	8.987196922302246	0	68.7904281616211	1	0	42000	10.64542007446289
1978	21	441	4	4000	4000	8.293999671936035	71500	5	2106	13370	2	11700	9.36734390258789	3	11.177450180053711	0	7.652545928955078	9.500768661499023	0	68.7904281616211	1	0	71500	11.177450180053711
1978	24	576	4	4000	5000	8.517200469970703	43000	4	1000	8000	1	11700	9.36734390258789	5	10.668959617614746	0	6.907754898071289	8.987196922302246	0	72.5427017211914	1	0	43000	10.668959617614746
1978	33	1089	4	5000	5000	8.517200469970703	48000	6	1410	10370	2	12500	9.433484077453613	5	10.778960227966309	0	7.251345157623291	9.246672630310059	0	72.5427017211914	1	0	48000	10.778960227966309
1978	128	16384	2	14000	14000	9.546799659729004	37500	7	2346	43560	2	19600	9.883284568786621	7	10.532099723815918	0	7.760467052459717	10.681889533996582	0	91.1413803100586	0	0	37500	10.532099723815918
1978	15	225	2	18000	18000	9.798100471496582	59000	6	1215	44867	1	24000	10.085809707641602	7	10.985289573669434	0	7.102499008178711	10.71146011352539	0	96.00276947021484	0	0	59000	10.985289573669434
1978	7	49	2	18000	18000	9.798100471496582	59000	6	2128	44174	2	22200	10.00784969329834	7	10.985289573669434	0	7.662938117980957	10.695890426635742	0	96.00276947021484	0	0	59000	10.985289573669434
1978	0	0	2	16000	17000	9.741000175476074	94000	7	2290	25250	3	21700	9.985068321228027	7	11.4510498046875	0	7.736307144165039	10.136580467224121	0	94.88707733154297	0	0	94000	11.4510498046875
1978	0	0	2	17000	17000	9.741000175476074	95920	7	2464	48269	3	21700	9.985068321228027	7	11.471269607543945	0	7.80954122543335	10.784540176391602	0	94.88707733154297	0	0	95920	11.471269607543945
1978	0	0	2	17000	17000	9.741000175476074	95000	7	2240	44916	3	21900	9.994241714477539	7	11.461629867553711	0	7.714231014251709	10.712550163269043	0	94.88707733154297	0	0	95000	11.461629867553711
1978	0	0	2	17000	17000	9.741000175476074	95900	7	2464	50808	3	22000	9.998798370361328	7	11.471059799194336	0	7.80954122543335	10.835809707641602	0	94.88707733154297	0	0	95900	11.471059799194336
1978	1	1	2	16000	17000	9.741000175476074	91000	7	2240	53000	3	21600	9.980448722839355	7	11.418609619140625	0	7.714231014251709	10.878049850463867	0	94.88707733154297	0	0	91000	11.418609619140625
1978	0	0	2	16000	16000	9.680299758911133	96900	7	2464	41463	3	21500	9.975808143615723	7	11.481430053710938	0	7.80954122543335	10.632559776306152	0	93.70821380615234	0	0	96900	11.481430053710938
1978	104	10816	4	2000	4000	8.293999671936035	47000	8	2576	12568	2	9400	9.148465156555176	3	10.75790023803711	0	7.853992938995361	9.438909530639648	0	68.7904281616211	1	0	47000	10.75790023803711
1978	18	324	4	3000	4000	8.293999671936035	68500	6	1377	12877	2	10200	9.230142593383789	5	11.134590148925781	0	7.227663040161133	9.463197708129883	0	68.7904281616211	1	0	68500	11.134590148925781
1978	188	35344	0	9000	9000	9.104999542236328	36000	6	2071	9665	2	16100	9.686574935913086	5	10.491270065307617	0	7.635787010192871	9.17626667022705	0	82.90101623535156	0	0	36000	10.491270065307617
1978	12	144	0	8000	8000	8.987199783325195	90000	7	2352	26890	3	15000	9.615804672241211	5	11.407569885253906	0	7.763020992279053	10.199509620666504	0	80.76976013183594	1	0	90000	11.407569885253906
1978	178	31684	0	10000	9000	9.104999542236328	66900	10	1750	12516	2	17100	9.746833801269531	5	11.110950469970703	0	7.467370986938477	9.434762954711914	0	82.90101623535156	0	0	66900	11.110950469970703
1978	1	1	4	3000	6000	8.69950008392334	44000	6	1869	12500	2	6100	8.716044425964355	3	10.691949844360352	0	7.533158779144287	9.433484077453613	0	75.6812973022461	1	0	44000	10.691949844360352
1978	48	2304	4	2000	6000	8.69950008392334	43500	6	1490	5000	1	6600	8.794824600219727	3	10.680520057678223	0	7.306530952453613	8.517192840576172	0	75.6812973022461	1	0	43500	10.680520057678223
1978	56	3136	4	2000	6000	8.69950008392334	40000	5	1867	5000	1	6800	8.824678421020508	3	10.596630096435547	0	7.532087802886963	8.517192840576172	0	75.6812973022461	1	0	40000	10.596630096435547
1978	3	9	4	3000	6000	8.69950008392334	46000	7	1261	10000	2	6000	8.699515342712402	3	10.73639965057373	0	7.139659881591797	9.210339546203613	0	75.6812973022461	1	0	46000	10.73639965057373
1978	21	441	0	3000	5000	8.517200469970703	48000	5	1038	15431	1	10000	9.210339546203613	5	10.778960227966309	0	6.945051193237305	9.644133567810059	0	72.5427017211914	1	0	48000	10.778960227966309
1978	12	144	4	4000	6000	8.69950008392334	61000	7	1800	13030	2	11200	9.32366943359375	5	11.018630027770996	0	7.495542049407959	9.47500991821289	0	75.6812973022461	1	0	61000	11.018630027770996
1978	28	784	4	4000	5000	8.517200469970703	55500	6	1972	20089	2	11400	9.341368675231934	5	10.924139976501465	0	7.586802959442139	9.907928466796875	0	72.5427017211914	1	0	55500	10.924139976501465
1978	23	529	0	6000	7000	8.853699684143066	63000	6	2089	16935	1	12100	9.400960922241211	5	11.05088996887207	0	7.6444411277771	9.737137794494629	0	78.38800048828125	1	0	63000	11.05088996887207
1978	148	21904	0	6000	7000	8.853699684143066	32000	6	1464	29129	2	12500	9.433484077453613	5	10.373490333557129	0	7.288928031921387	10.27949047088623	0	78.38800048828125	1	0	32000	10.373490333557129
1978	25	625	0	7000	7000	8.853699684143066	32000	6	2112	12500	2	14000	9.546813011169434	5	10.373490333557129	0	7.655391216278076	9.433484077453613	0	78.38800048828125	1	0	32000	10.373490333557129
1978	13	169	0	12000	12000	9.3927001953125	82000	6	1964	25182	2	18300	9.814656257629395	5	11.314470291137695	0	7.582737922668457	10.133879661560059	0	88.22281646728516	0	0	82000	11.314470291137695
1978	18	324	0	14000	17000	9.741000175476074	51000	5	1166	45000	1	5200	8.556413650512695	7	10.839579582214355	0	7.061334133148193	10.714420318603516	0	94.88707733154297	1	0	51000	10.839579582214355
1978	38	1444	1	10000	14000	9.546799659729004	83000	6	3861	51062	2	8000	8.987196922302246	11	11.326600074768066	0	8.258681297302246	10.840800285339355	0	91.1413803100586	1	0	83000	11.326600074768066
1978	10	100	0	14000	16000	9.680299758911133	100000	7	2252	44000	3	16000	9.6803436279296875	11	11.512929916381836	0	7.719573974609375	10.691949844360352	0	93.70821380615234	0	0	100000	11.512929916381836
1978	8	64	0	14000	16000	9.680299758911133	131500	9	2598	44000	3	16000	9.6803436279296875	11	11.786760330200195	0	7.862496852874756	10.691949844360352	0	93.70821380615234	0	0	131500	11.786760330200195
1978	21	441	0	17000	18000	9.798100471496582	37500	4	2276	43560	1	22100	10.00333023071289	7	10.532099723815918	0	7.730175018310547	10.681889533996582	0	96.00276947021484	0	0	37500	10.532099723815918
1978	68	4624	4	3000	6000	8.69950008392334	49000	6	1875	9790	2	6700	8.809863090515137	5	10.799579620361328	0	7.5363640785217285	9.189115524291992	0	75.6812973022461	1	0	49000	10.799579620361328
1978	13	169	4	4000	6000	8.69950008392334	54000	6	1570	8790	2	10700	9.277998924255371	5	10.896739959716797	0	7.35883092880249	9.08137035369873	0	75.6812973022461	1	0	54000	10.896739959716797
1978	38	1444	0	4000	7000	8.853699684143066	56900	6	2032	10993	2	5300	8.575462341308594	5	10.949049949645996	0	7.616775989532471	9.305013656616211	0	78.38800048828125	1	0	56900	10.949049949645996
1978	22	484	0	4000	8000	8.987199783325195	62000	6	1318	20550	2	5700	8.648221015930176	5	11.034890174865723	0	7.183870792388916	9.93061637878418	0	80.76976013183594	1	0	62000	11.034890174865723
1978	21	441	0	4000	8000	8.987199783325195	48000	5	1078	21800	2	5800	8.665613174438477	5	10.778960227966309	0	6.982862949371338	9.989665031433105	0	80.76976013183594	1	0	48000	10.778960227966309
1978	56	3136	4	4000	7000	8.853699684143066	48000	7	3460	11421	2	5900	8.682707786560059	5	10.778960227966309	0	8.14902400970459	9.343209266662598	0	78.38800048828125	1	0	48000	10.778960227966309
1978	28	784	4	3000	7000	8.853699684143066	53000	5	1592	12700	2	6800	8.824678421020508	5	10.878049850463867	0	7.372745990753174	9.449357032775879	0	78.38800048828125	1	0	53000	10.878049850463867
1978	54	2916	4	4000	7000	8.853699684143066	49000	8	915	14000	1	7600	8.935903549194336	5	10.799579620361328	0	6.8189239501953125	9.546813011169434	0	78.38800048828125	1	0	49000	10.799579620361328
1978	28	784	4	5000	7000	8.853699684143066	31000	5	925	4585	1	11400	9.341368675231934	5	10.341739654541016	0	6.829793930053711	8.430545806884766	0	78.38800048828125	1	0	31000	10.341739654541016
1978	14	196	0	4000	7000	8.853699684143066	56900	6	1421	21120	2	6800	8.824678421020508	5	10.949049949645996	0	7.259116172790527	9.957975387573242	0	78.38800048828125	1	0	56900	10.949049949645996
1978	78	6084	0	10000	10000	9.21030044555664	34000	5	990	1710	1	15600	9.65502643585205	5	10.434120178222656	0	6.897705078125	7.444249153137207	0	84.82964324951172	1	0	34000	10.434120178222656
1978	153	23409	0	10000	11000	9.305700302124023	98000	9	3792	35942	4	16200	9.692767143249512	5	11.492719650268555	0	8.240649223327637	10.489660263061523	0	86.59606170654297	0	0	98000	11.492719650268555
1978	3	9	0	12000	12000	9.3927001953125	85500	7	2544	26726	3	17700	9.781319618225098	7	11.356269836425781	0	7.841493129730225	10.193389892578125	0	88.22281646728516	0	0	85500	11.356269836425781
1978	0	0	0	12000	12000	9.3927001953125	122500	7	2206	50094	3	18500	9.825526237487793	5	11.715869903564453	0	7.6989359855651855	10.821660041809082	0	88.22281646728516	0	0	122500	11.715869903564453
1978	189	35721	1	14000	17000	9.741000175476074	185000	9	5078	132422	4	14500	9.581904411315918	11	12.1281099319458	0	8.532672882080078	11.793749809265137	0	94.88707733154297	1	0	185000	12.1281099319458
1978	5	25	1	17000	19000	9.85219955444336	67500	5	1358	44775	2	16700	9.723163604736328	11	11.119879722595215	0	7.213768005371094	10.709400177001953	0	97.065826416015625	0	0	67500	11.119879722595215
1978	8	64	1	16000	19000	9.85219955444336	120000	7	2171	44064	3	16200	9.692767143249512	11	11.695249557495117	0	7.682942867279053	10.693400382995605	0	97.065826416015625	0	0	120000	11.695249557495117
1978	1	1	1	19000	21000	9.952300071716309	79000	7	1998	43561	3	19900	9.89847469329834	11	11.277199745178223	0	7.599902153015137	10.681920051574707	0	99.04827880859375	0	0	79000	11.277199745178223
1978	1	1	1	18000	21000	9.952300071716309	77500	7	1998	147668	3	19800	9.893437385559082	11	11.25802993774414	0	7.599902153015137	11.90272045135498	0	99.04827880859375	0	0	77500	11.25802993774414
1978	26	676	1	20000	22000	9.998800277709961	58000	6	1356	544500	2	21000	9.952278137207031	11	10.968199729919434	0	7.212295055389404	13.207619667053223	0	99.97601318359375	0	0	58000	10.968199729919434
1978	0	0	1	19000	21000	9.952300071716309	61900	9	1411	44431	3	20200	9.913437843322754	11	11.033280372619629	0	7.252054214477539	10.701689720153809	0	99.04827880859375	0	0	61900	11.033280372619629
1978	2	4	1	19000	21000	9.952300071716309	79900	7	1540	46174	3	21000	9.952278137207031	11	11.288530349731445	0	7.339538097381592	10.740169525146484	0	99.04827880859375	0	0	79900	11.288530349731445
1978	0	0	1	20000	22000	9.998800277709961	62400	7	1296	46609	2	20900	9.947504043579102	11	11.041319847106934	0	7.1670379638671875	10.749549865722656	0	99.97601318359375	0	0	62400	11.041319847106934
1978	1	1	1	22000	24000	10.086000442504883	89500	7	2240	43560	2	23000	10.04325008392334	11	11.401989936828613	0	7.714231014251709	10.681889533996582	0	101.72740173339844	0	0	89500	11.401989936828613
1978	0	0	6	21000	23000	10.043000221252441	89500	7	2436	43560	3	23100	10.047590255737305	11	11.401989936828613	0	7.798111915588379	10.681889533996582	0	100.86190032958984	0	0	89500	11.401989936828613
1978	0	0	6	22000	24000	10.086000442504883	94900	7	2384	43560	3	23200	10.051910400390625	11	11.460579872131348	0	7.7765350341796875	10.681889533996582	0	101.72740173339844	0	0	94900	11.460579872131348
1978	0	0	6	24000	26000	10.166000366210938	85900	6	1862	56392	2	27100	10.207289695739746	11	11.360939979553223	0	7.529407024383545	10.940079689025879	0	103.34760284423828	0	0	85900	11.360939979553223
1978	0	0	6	24000	26000	10.166000366210938	92900	7	2036	49737	3	27000	10.203590393066406	11	11.439279556274414	0	7.618741989135742	10.814499855041504	0	103.34760284423828	0	0	92900	11.439279556274414
1978	0	0	6	24000	26000	10.166000366210938	84900	7	2082	43958	3	27000	10.203590393066406	11	11.34922981262207	0	7.64108419418335	10.690990447998047	0	103.34760284423828	0	0	84900	11.34922981262207
1978	0	0	6	24000	26000	10.166000366210938	85900	7	1962	44465	3	26700	10.19242000579834	11	11.360939979553223	0	7.581719875335693	10.702460289001465	0	103.34760284423828	0	0	85900	11.360939979553223
1978	0	0	6	24000	26000	10.166000366210938	85900	7	2286	43996	3	26600	10.18867015838623	11	11.360939979553223	0	7.734559059143066	10.691849708557129	0	103.34760284423828	0	0	85900	11.360939979553223
1978	0	0	6	24000	25000	10.126999855041504	97900	7	2464	43560	3	26400	10.181119918823242	11	11.491700172424316	0	7.80954122543335	10.681889533996582	0	102.55609893798828	0	0	97900	11.491700172424316
1978	0	0	6	24000	25000	10.126999855041504	78400	6	1862	45302	2	26300	10.177319526672363	11	11.269579887390137	0	7.529407024383545	10.721110343933105	0	102.55609893798828	0	0	78400	11.269579887390137
1978	0	0	6	24000	26000	10.166000366210938	91400	8	2738	43995	2	27000	10.203590393066406	11	11.42300033569336	0	7.914982795715332	10.691829681396484	0	103.34760284423828	0	0	91400	11.42300033569336
1978	0	0	6	25000	26000	10.166000366210938	106500	7	2240	43995	3	27100	10.207289695739746	11	11.575900077819824	0	7.714231014251709	10.691829681396484	0	103.34760284423828	0	0	106500	11.575900077819824
1978	0	0	6	24000	26000	10.166000366210938	109500	7	2780	43995	3	27000	10.203590393066406	11	11.603679656982422	0	7.930205821990967	10.691829681396484	0	103.34760284423828	0	0	109500	11.603679656982422
1978	1	1	1	14000	16000	9.680299758911133	148000	7	2781	43560	3	15600	9.65502643585205	11	11.904970169067383	0	7.93056583404541	10.681889533996582	0	93.70821380615234	1	0	148000	11.904970169067383
1978	12	144	1	16000	19000	9.85219955444336	75000	6	1537	48352	2	17700	9.781319618225098	11	11.225239753723145	0	7.337587833404541	10.786259651184082	0	97.065826416015625	0	0	75000	11.225239753723145
1978	1	1	1	14000	16000	9.680299758911133	90400	7	2796	43560	3	15600	9.65502643585205	11	11.411999702453613	0	7.9359450340271	10.681889533996582	0	93.70821380615234	1	0	90400	11.411999702453613
1978	1	1	1	14000	16000	9.680299758911133	125000	9	2794	43995	3	15600	9.65502643585205	11	11.736069679260254	0	7.9352288246154785	10.691829681396484	0	93.70821380615234	1	0	125000	11.736069679260254
1978	158	24964	6	22000	23000	10.043000221252441	123000	9	2872	104544	3	33300	10.413310050964355	11	11.719940185546875	0	7.962763786315918	11.55735969543457	0	100.86190032958984	0	0	123000	11.719940185546875
1978	30	900	6	21000	22000	9.998800277709961	63000	6	1357	45302	1	25600	10.150349617004395	7	11.05088996887207	0	7.213031768798828	10.721110343933105	0	99.97601318359375	0	0	63000	11.05088996887207
1978	188	35344	6	21000	23000	10.043000221252441	87500	7	3256	44867	2	25300	10.13856029510498	11	11.379389762878418	0	8.088254928588867	10.71146011352539	0	100.86190032958984	0	0	87500	11.379389762878418
1978	0	0	0	30000	31000	10.342000007629395	73000	7	2038	49223	2	33300	10.413310050964355	11	11.198209762573242	0	7.619723796844482	10.804120063781738	0	106.95700073242188	0	0	73000	11.198209762573242
1978	0	0	0	25000	26000	10.166000366210938	84900	7	1924	44431	3	28100	10.24351978302002	11	11.34922981262207	0	7.562160968780518	10.701689720153809	0	103.34760284423828	0	0	84900	11.34922981262207
1978	0	0	0	25000	26000	10.166000366210938	80900	7	2370	43560	3	27300	10.214639663696289	11	11.300970077514648	0	7.7706451416015625	10.681889533996582	0	103.34760284423828	0	0	80900	11.300970077514648
1978	0	0	0	25000	26000	10.166000366210938	94000	7	2036	51836	3	27200	10.210969924926758	11	11.4510498046875	0	7.618741989135742	10.855839729309082	0	103.34760284423828	0	0	94000	11.4510498046875
1978	0	0	0	30000	31000	10.342000007629395	74500	7	1818	55321	2	33200	10.410309791564941	11	11.218549728393555	0	7.505492210388184	10.920909881591797	0	106.95700073242188	0	0	74500	11.218549728393555
1978	1	1	5	33000	34000	10.434000015258789	82500	7	1986	50094	3	36700	10.510530471801758	11	11.320549964904785	0	7.593877792358398	10.821660041809082	0	108.86840057373047	0	0	82500	11.320549964904785
1978	3	9	5	31000	32000	10.373000144958496	86000	6	1855	50965	2	34600	10.45160961151123	11	11.362099647521973	0	7.52564001083374	10.838890075683594	0	107.5990982055664	0	0	86000	11.362099647521973
1978	1	1	5	30000	30000	10.309000015258789	76900	6	1836	46174	3	33300	10.413310050964355	11	11.250260353088379	0	7.515345096588135	10.740169525146484	0	106.27549743652344	0	0	76900	11.250260353088379
1978	1	1	5	30000	30000	10.309000015258789	75900	7	1836	45738	2	33300	10.413310050964355	11	11.237170219421387	0	7.515345096588135	10.730680465698242	0	106.27549743652344	0	0	75900	11.237170219421387
1978	0	0	5	30000	30000	10.309000015258789	75500	7	1820	46174	3	33300	10.413310050964355	11	11.231889724731445	0	7.506591796875	10.740169525146484	0	106.27549743652344	0	0	75500	11.231889724731445
1978	0	0	5	30000	30000	10.309000015258789	75000	7	1728	47916	2	33300	10.413310050964355	11	11.225239753723145	0	7.4547200202941895	10.777199745178223	0	106.27549743652344	0	0	75000	11.225239753723145
1978	0	0	5	30000	30000	10.309000015258789	73900	6	2092	47045	3	33300	10.413310050964355	11	11.210470199584961	0	7.645875930786133	10.758859634399414	0	106.27549743652344	0	0	73900	11.210470199584961
1978	0	0	5	33000	34000	10.434000015258789	83900	7	2036	46174	3	36800	10.513250350952148	11	11.337380409240723	0	7.618741989135742	10.740169525146484	0	108.86840057373047	0	0	83900	11.337380409240723
1978	1	1	5	33000	34000	10.434000015258789	76900	7	2400	43560	3	37100	10.521369934082031	11	11.250260353088379	0	7.783224105834961	10.681889533996582	0	108.86840057373047	0	0	76900	11.250260353088379
1978	0	0	5	30000	31000	10.342000007629395	84300	7	2104	68689	3	33200	10.410309791564941	11	11.342140197753906	0	7.6515960693359375	11.13733959197998	0	106.95700073242188	0	0	84300	11.342140197753906
1978	0	0	5	30000	31000	10.342000007629395	75900	7	1928	157252	3	33300	10.413310050964355	11	11.237170219421387	0	7.564239025115967	11.96560001373291	0	106.95700073242188	0	0	75900	11.237170219421387
1978	0	0	5	30000	31000	10.342000007629395	87900	7	2067	204296	3	33300	10.413310050964355	11	11.383959770202637	0	7.633852958679199	12.227330207824707	0	106.95700073242188	0	0	87900	11.383959770202637
1978	13	169	2	26000	26000	10.166000366210938	65000	7	1360	43910	2	30100	10.31227970123291	7	11.08213996887207	0	7.215240001678467	10.689900398254395	0	103.34760284423828	0	0	65000	11.08213996887207
1978	0	0	2	26000	26000	10.166000366210938	90000	7	1940	43996	3	30000	10.308950424194336	7	11.407569885253906	0	7.570443153381348	10.691849708557129	0	103.34760284423828	0	0	90000	11.407569885253906
1978	5	25	2	26000	26000	10.166000366210938	104500	7	2816	43560	3	29900	10.305609703063965	7	11.556940078735352	0	7.94307279586792	10.681889533996582	0	103.34760284423828	0	0	104500	11.556940078735352
1978	14	196	2	24000	25000	10.126999855041504	63000	6	1235	95832	2	28400	10.25413990020752	7	11.05088996887207	0	7.118825912475586	11.47035026550293	0	102.55609893798828	0	0	63000	11.05088996887207
1978	5	25	2	27000	27000	10.204000473022461	66100	7	1388	46600	2	31000	10.341739654541016	7	11.098919868469238	0	7.235619068145752	10.749360084533691	0	104.12159729003906	0	0	66100	11.098919868469238
1978	6	36	2	27000	27000	10.204000473022461	60000	7	1070	48834	1	31000	10.341739654541016	7	11.002099990844727	0	6.975413799285889	10.79617977142334	0	104.12159729003906	0	0	60000	11.002099990844727
1978	4	16	2	27000	28000	10.239999771118164	73000	7	1390	46100	2	31000	10.341739654541016	11	11.198209762573242	0	7.237059116363525	10.738570213317871	0	104.85759735107422	0	0	73000	11.198209762573242
1978	3	9	2	24000	25000	10.126999855041504	83000	9	2574	43996	3	28200	10.247079849243164	7	11.326600074768066	0	7.853216171264648	10.691849708557129	0	102.55609893798828	0	0	83000	11.326600074768066
1978	1	1	5	28000	29000	10.274999618530273	70500	6	1232	45000	2	32300	10.382820129394531	11	11.163370132446289	0	7.11639404296875	10.714420318603516	0	105.57559967041016	0	0	70500	11.163370132446289
1978	4	16	5	28000	28000	10.239999771118164	120000	6	2650	43996	3	32000	10.373490333557129	7	11.695249557495117	0	7.882315158843994	10.691849708557129	0	104.85759735107422	0	0	120000	11.695249557495117
1978	12	144	5	31000	32000	10.373000144958496	62500	6	1978	44867	2	35700	10.48291015625	7	11.042920112609863	0	7.589840888977051	10.71146011352539	0	107.5990982055664	0	0	62500	11.042920112609863
1978	1	1	5	28000	29000	10.274999618530273	65500	6	1248	45000	2	32800	10.39818000793457	11	11.089810371398926	0	7.129298210144043	10.714420318603516	0	105.57559967041016	0	0	65500	11.089810371398926
1978	9	81	5	27000	28000	10.239999771118164	84900	7	1716	45500	2	31300	10.351369857788086	7	11.34922981262207	0	7.447751045227051	10.725469589233398	0	104.85759735107422	0	0	84900	11.34922981262207
1978	9	81	5	31000	31000	10.342000007629395	63400	6	1144	44431	1	35600	10.48009967803955	7	11.057220458984375	0	7.042285919189453	10.701689720153809	0	106.95700073242188	0	0	63400	11.057220458984375
1978	2	4	5	30000	30000	10.309000015258789	80000	7	2450	44867	3	34500	10.448710441589355	7	11.289779663085938	0	7.803843021392822	10.71146011352539	0	106.27549743652344	0	0	80000	11.289779663085938
1978	2	4	0	23000	24000	10.086000442504883	86000	7	2952	43996	3	28200	10.247079849243164	7	11.362099647521973	0	7.990238189697266	10.691849708557129	0	101.72740173339844	0	0	86000	11.362099647521973
1978	0	0	0	23000	24000	10.086000442504883	94376	7	2800	69260	3	28400	10.25413990020752	7	11.455039978027344	0	7.937375068664551	11.145620346069336	0	101.72740173339844	0	0	94376	11.455039978027344
1978	0	0	0	23000	24000	10.086000442504883	90500	7	2108	52272	3	28000	10.239959716796875	7	11.41310977935791	0	7.653494834899902	10.864219665527344	0	101.72740173339844	0	0	90500	11.41310977935791
1978	2	4	0	24000	24000	10.086000442504883	90500	7	2208	54014	3	28400	10.25413990020752	7	11.41310977935791	0	7.6998419761657715	10.897000312805176	0	101.72740173339844	0	0	90500	11.41310977935791
1978	0	0	0	24000	24000	10.086000442504883	84900	7	1560	44864	3	28600	10.261159896850586	7	11.34922981262207	0	7.35244083404541	10.711389541625977	0	101.72740173339844	0	0	84900	11.34922981262207
1978	2	4	0	24000	24000	10.086000442504883	86000	7	2248	49222	3	28300	10.250619888305664	7	11.362099647521973	0	7.7177958488464355	10.804100036621094	0	101.72740173339844	0	0	86000	11.362099647521973
1978	6	36	2	22000	23000	10.043000221252441	91500	7	2284	44001	3	27800	10.232789993286133	7	11.424090385437012	0	7.733684062957764	10.691969871520996	0	100.86190032958984	0	0	91500	11.424090385437012
1978	23	529	2	21000	21000	9.952300071716309	89912	7	2632	64904	2	27000	10.203590393066406	7	11.406590461730957	0	7.8754987716674805	11.080659866333008	0	99.04827880859375	0	0	89912	11.406590461730957
1978	23	529	2	21000	21000	9.952300071716309	88000	7	2632	64904	2	27000	10.203590393066406	7	11.385089874267578	0	7.8754987716674805	11.080659866333008	0	99.04827880859375	0	0	88000	11.385089874267578
1978	14	196	2	19000	19000	9.85219955444336	73500	6	1936	43996	2	25200	10.134599685668945	7	11.205039978027344	0	7.568378925323486	10.691849708557129	0	97.065826416015625	0	0	73500	11.205039978027344
1978	8	64	2	21000	21000	9.952300071716309	85000	8	2004	44080	2	26700	10.19242000579834	7	11.350410461425781	0	7.602900981903076	10.69375991821289	0	99.04827880859375	0	0	85000	11.350410461425781
1978	13	169	2	21000	21000	9.952300071716309	87000	7	1920	44260	2	26200	10.17350959777832	7	11.37366008758545	0	7.5600810050964355	10.697839736938477	0	99.04827880859375	0	0	87000	11.37366008758545
1978	5	25	2	20000	20000	9.903499603271484	97000	7	2136	44000	3	25800	10.158129692077637	7	11.48246955871582	0	7.666689872741699	10.691949844360352	0	98.07930755615234	0	0	97000	11.48246955871582
1978	3	9	2	24000	24000	10.086000442504883	72500	7	2472	46422	3	29000	10.275050163269043	7	11.191340446472168	0	7.8127827644348145	10.745530128479004	0	101.72740173339844	0	0	72500	11.191340446472168
1978	4	16	2	24000	23000	10.043000221252441	77000	7	1792	45106	3	29000	10.275050163269043	7	11.25156021118164	0	7.491086959838867	10.71677017211914	0	100.86190032958984	0	0	77000	11.25156021118164
1978	5	25	2	23000	23000	10.043000221252441	85000	7	2136	117176	3	28100	10.24351978302002	7	11.350410461425781	0	7.666689872741699	11.671429634094238	0	100.86190032958984	0	0	85000	11.350410461425781
1978	4	16	2	20000	20000	9.903499603271484	82000	8	2016	44900	3	25800	10.158129692077637	7	11.314470291137695	0	7.608870983123779	10.712189674377441	0	98.07930755615234	0	0	82000	11.314470291137695
1978	0	0	2	20000	20000	9.903499603271484	93000	6	2514	43996	3	26000	10.165849685668945	7	11.440349578857422	0	7.829629898071289	10.691849708557129	0	98.07930755615234	0	0	93000	11.440349578857422
1978	0	0	2	20000	20000	9.903499603271484	105000	7	2432	43663	3	25600	10.150349617004395	7	11.56171989440918	0	7.796469211578369	10.684260368347168	0	98.07930755615234	0	0	105000	11.56171989440918
1978	0	0	2	20000	20000	9.903499603271484	106500	7	2878	43560	3	25600	10.150349617004395	7	11.575900077819824	0	7.964850902557373	10.681889533996582	0	98.07930755615234	0	0	106500	11.575900077819824
1978	15	225	3	26000	26000	10.166000366210938	44900	5	960	51690	1	31700	10.364069938659668	7	10.712189674377441	0	6.8669328689575195	10.853019714355469	0	103.34760284423828	0	0	44900	10.712189674377441
1978	11	121	0	19000	18000	9.798100471496582	73000	7	1868	56900	3	25900	10.161999702453613	5	11.198209762573242	0	7.532623767852783	10.949049949645996	0	96.00276947021484	0	0	73000	11.198209762573242
1978	11	121	3	29000	28000	10.239999771118164	46500	6	1296	94961	2	35200	10.468799591064453	7	10.747209548950195	0	7.1670379638671875	11.461219787597656	0	104.85759735107422	0	0	46500	10.747209548950195
1978	13	169	3	29000	28000	10.239999771118164	50000	6	1668	43560	2	35700	10.48291015625	7	10.819780349731445	0	7.419381141662598	10.681889533996582	0	104.85759735107422	0	0	50000	10.819780349731445
1978	0	0	3	29000	28000	10.239999771118164	90000	7	2052	43560	3	35400	10.474470138549805	7	11.407569885253906	0	7.626570224761963	10.681889533996582	0	104.85759735107422	0	0	90000	11.407569885253906
1978	1	1	0	33000	33000	10.404000282287598	49500	6	1100	38768	1	38600	10.561010360717773	7	10.80972957611084	0	7.003066062927246	10.565349578857422	0	108.24320220947266	0	0	49500	10.80972957611084
1978	28	784	0	35000	34000	10.434000015258789	57000	5	1320	64033	1	40000	10.596630096435547	7	10.950810432434082	0	7.185387134552002	11.067150115966797	0	108.86840057373047	0	0	57000	10.950810432434082
1978	9	81	0	11000	13000	9.472700119018555	120000	6	3030	47916	3	14800	9.602381706237793	7	11.695249557495117	0	8.016318321228027	10.777199745178223	0	89.73204803466797	1	0	120000	11.695249557495117
1978	3	9	0	14000	15000	9.615799903869629	83500	6	1924	42688	2	18900	9.846917152404785	7	11.332599639892578	0	7.562160968780518	10.661669731140137	0	92.46360778808594	0	0	83500	11.332599639892578
1978	0	0	0	11000	12000	9.3927001953125	300000	7	3770	282704	3	15500	9.648594856262207	7	12.611539840698242	0	8.234829902648926	12.552160263061523	0	88.22281646728516	1	0	300000	12.611539840698242
1978	3	9	0	12000	12000	9.3927001953125	64900	7	2856	29955	2	17700	9.781319618225098	7	11.080599784851074	0	7.95717716217041	10.307450294494629	0	88.22281646728516	0	0	64900	11.080599784851074
1978	58	3364	4	6000	6000	8.69950008392334	50900	5	930	8185	1	13400	9.503009796142578	5	10.83761978149414	0	6.8351850509643555	9.010058403015137	0	75.6812973022461	1	0	50900	10.83761978149414
1978	12	144	4	7000	6000	8.69950008392334	60500	6	1399	10000	2	13600	9.51782512664795	5	11.01039981842041	0	7.243513107299805	9.210339546203613	0	75.6812973022461	1	0	60500	11.01039981842041
1978	3	9	4	6000	5000	8.517200469970703	70400	5	1342	8500	2	13500	9.510444641113281	5	11.16195011138916	0	7.201916217803955	9.047821044921875	0	72.5427017211914	1	0	70400	11.16195011138916
1978	48	2304	4	6000	7000	8.853699684143066	48000	6	1500	5153	2	11800	9.375855445861816	5	10.778960227966309	0	7.313220977783203	8.547334671020508	0	78.38800048828125	1	0	48000	10.778960227966309
1978	25	625	0	10000	10000	9.21030044555664	53500	7	1333	11883	1	16800	9.729133605957031	5	10.887439727783203	0	7.195187091827393	9.382863998413086	0	84.82964324951172	0	0	53500	10.887439727783203
1978	8	64	6	24000	26000	10.166000366210938	66000	6	1844	92783	2	26200	10.17350959777832	11	11.097410202026367	0	7.5196919441223145	11.438019752502441	0	103.34760284423828	0	0	66000	11.097410202026367
1978	8	64	6	24000	26000	10.166000366210938	64000	6	1764	86249	2	26000	10.165849685668945	11	11.06663990020752	0	7.475338935852051	11.364990234375	0	103.34760284423828	0	0	64000	11.06663990020752
1978	11	121	0	15000	15000	9.615799903869629	65000	7	2727	44867	3	21300	9.966462135314941	7	11.08213996887207	0	7.910956859588623	10.71146011352539	0	92.46360778808594	0	0	65000	11.08213996887207
1978	10	100	0	14000	13000	9.472700119018555	72900	7	2080	25000	2	19700	9.888374328613281	7	11.196840286254883	0	7.640122890472412	10.126629829406738	0	89.73204803466797	0	0	72900	11.196840286254883
1978	2	4	0	13000	13000	9.472700119018555	26000	7	2030	25120	3	19400	9.873027801513672	7	10.165849685668945	0	7.615790843963623	10.131420135498047	0	89.73204803466797	0	0	26000	10.165849685668945
1978	0	0	0	14000	14000	9.546799659729004	117000	7	3030	32255	3	21000	9.952278137207031	5	11.669930458068848	0	8.016318321228027	10.381429672241211	0	91.1413803100586	0	0	117000	11.669930458068848
1978	0	0	0	14000	13000	9.472700119018555	97000	7	2252	30894	3	20200	9.913437843322754	5	11.48246955871582	0	7.719573974609375	10.338319778442383	0	89.73204803466797	0	0	97000	11.48246955871582
1978	2	4	0	13000	13000	9.472700119018555	95000	7	2238	25690	3	19800	9.893437385559082	5	11.461629867553711	0	7.7133378982543945	10.153860092163086	0	89.73204803466797	0	0	95000	11.461629867553711
1978	0	0	0	14000	13000	9.472700119018555	107900	7	2464	30945	3	20500	9.928179740905762	5	11.588959693908691	0	7.80954122543335	10.339969635009766	0	89.73204803466797	0	0	107900	11.588959693908691
1978	0	0	0	14000	14000	9.546799659729004	120000	7	2464	31059	3	20900	9.947504043579102	5	11.695249557495117	0	7.80954122543335	10.343640327453613	0	91.1413803100586	0	0	120000	11.695249557495117
1978	1	1	0	14000	14000	9.546799659729004	120000	7	2502	34666	3	21100	9.95702838897705	5	11.695249557495117	0	7.824845790863037	10.453519821166992	0	91.1413803100586	0	0	120000	11.695249557495117
1978	0	0	0	14000	14000	9.546799659729004	121000	7	2510	31915	3	20900	9.947504043579102	5	11.703550338745117	0	7.828038215637207	10.370829582214355	0	91.1413803100586	0	0	121000	11.703550338745117
1978	0	0	0	14000	13000	9.472700119018555	107000	7	2012	30800	3	20800	9.942708015441895	5	11.58057975769043	0	7.606884002685547	10.335269927978516	0	89.73204803466797	0	0	107000	11.58057975769043
1978	0	0	0	14000	13000	9.472700119018555	119900	7	2352	31331	3	20500	9.928179740905762	5	11.69441032409668	0	7.763020992279053	10.352359771728516	0	89.73204803466797	0	0	119900	11.69441032409668
1978	0	0	0	14000	13000	9.472700119018555	142500	7	2492	27248	3	20300	9.918375968933105	5	11.86709976196289	0	7.820840835571289	10.212739944458008	0	89.73204803466797	0	0	142500	11.86709976196289
1978	0	0	0	14000	13000	9.472700119018555	84211	7	2756	27205	3	20200	9.913437843322754	5	11.341079711914062	0	7.921535015106201	10.211159706115723	0	89.73204803466797	0	0	84211	11.341079711914062
1981	81	6561	4	4000	1000	6.907800197601318	49000	6	1554	6790	1	11800	9.375855445861816	4	10.799579620361328	1	7.348587989807129	8.823205947875977	9.375855445861816	47.71770095825195	1	1	37634.41015625	10.535670280456543
1981	71	5041	4	3000	2000	7.600900173187256	52000	5	1575	3485	1	10100	9.2202911376953125	3	10.859000205993652	1	7.3620100021362305	8.15622329711914	9.2202911376953125	57.773681640625	1	1	39938.55078125	10.595100402832031
1981	31	961	4	3000	2000	7.600900173187256	68000	6	3304	18731	2	10200	9.230142593383789	3	11.127260208129883	1	8.102889060974121	9.837935447692871	9.230142593383789	57.773681640625	1	1	52227.33984375	10.863360404968262
1981	41	1681	4	3000	2000	7.600900173187256	54000	6	1700	7500	1	11200	9.32366943359375	3	10.896739959716797	1	7.438384056091309	8.92265796661377	9.32366943359375	57.773681640625	1	1	41474.66015625	10.632840156555176
1981	31	961	4	4000	2000	7.600900173187256	70000	6	1454	5500	2	11800	9.375855445861816	3	11.15625	1	7.282073020935059	8.6125030517578125	9.375855445861816	57.773681640625	1	1	53763.44140625	10.892350196838379
1981	81	6561	4	3000	2000	7.600900173187256	47000	6	1410	4500	1	10200	9.230142593383789	3	10.75790023803711	1	7.251345157623291	8.411832809448242	9.230142593383789	57.773681640625	1	1	36098.30859375	10.494000434875488
1981	19	361	0	5000	4000	8.293999671936035	73900	6	1592	13068	1	13200	9.487972259521484	3	11.210470199584961	1	7.372745990753174	9.4779205322265625	9.487972259521484	68.7904281616211	1	1	56758.828125	10.94657039642334
1981	1	1	0	9000	9000	9.104999542236328	117500	9	1910	15246	3	18200	9.80917739868164	5	11.674189567565918	1	7.554859161376953	9.632072448730469	9.80917739868164	82.90101623535156	0	0	90245.7734375	11.410289764404297
1981	41	1681	0	10000	10000	9.21030044555664	60000	5	735	10454	1	19000	9.852193832397461	5	11.002099990844727	1	6.5998711585998535	9.254739761352539	9.852193832397461	84.82964324951172	0	0	46082.94921875	10.738200187683105
1981	1	1	0	16000	15000	9.615799903869629	85000	6	1154	43560	2	23000	10.04325008392334	5	11.350410461425781	1	7.050990104675293	10.681889533996582	10.04325008392334	92.46360778808594	0	0	65284.1796875	11.08650016784668
1981	26	676	0	9000	7000	8.853699684143066	66479	5	1104	15512	1	17000	9.740968704223633	3	11.104640007019043	1	7.006694793701172	9.649369239807129	9.740968704223633	78.38800048828125	0	0	51059.140625	10.840740203857422
1981	81	6561	4	1000	3000	8.006400108337402	70000	6	1830	13939	1	9000	9.10498046875	3	11.15625	1	7.512071132659912	9.54244613647461	9.10498046875	64.1024398803711	1	1	53763.44140625	10.892350196838379
1981	41	1681	4	3000	4000	8.293999671936035	66500	5	1166	9770	1	10500	9.25913143157959	3	11.104960441589355	1	7.061334133148193	9.187071800231934	9.25913143157959	68.7904281616211	1	1	51075.26953125	10.841059684753418
1981	31	961	4	4000	4000	8.293999671936035	91000	7	2263	10019	2	11500	9.350102424621582	5	11.418609619140625	1	7.724446773529053	9.212238311767578	9.350102424621582	68.7904281616211	1	1	69892.4765625	11.154709815979004
1981	31	961	4	4000	4000	8.293999671936035	72500	6	1482	12632	1	11900	9.384293556213379	5	11.191340446472168	1	7.301147937774658	9.443988800048828	9.384293556213379	68.7904281616211	1	1	55683.55859375	10.92743968963623
1981	36	1296	4	4000	4000	8.293999671936035	67000	4	970	11104	1	11900	9.384293556213379	5	11.112449645996094	1	6.877295970916748	9.31506061553955	9.384293556213379	68.7904281616211	1	1	51459.2890625	10.848549842834473
1981	21	441	1	8000	12000	9.3927001953125	68000	6	1684	81273	2	5800	8.665613174438477	11	11.127260208129883	1	7.428926944732666	11.305569648742676	8.665613174438477	88.22281646728516	1	1	52227.33984375	10.863360404968262
1981	18	324	2	18000	18000	9.798100471496582	85000	6	1080	52272	2	24100	10.089969635009766	7	11.350410461425781	1	6.984715938568115	10.864219665527344	10.089969635009766	96.00276947021484	0	0	65284.1796875	11.08650016784668
1981	13	169	4	3000	5000	8.517200469970703	106000	6	1633	17728	2	10500	9.25913143157959	5	11.571189880371094	1	7.398173809051514	9.7829008102417	9.25913143157959	72.5427017211914	1	1	81413.2109375	11.307290077209473
1981	24	576	4	4000	5000	8.517200469970703	130000	7	3208	17424	3	11500	9.350102424621582	5	11.775289535522461	1	8.073403358459473	9.765604019165039	9.350102424621582	72.5427017211914	1	1	99846.390625	11.51138973236084
1981	0	0	0	11000	10000	9.21030044555664	119900	7	2258	12500	3	18800	9.841611862182617	5	11.69441032409668	1	7.722235202789307	9.433484077453613	9.841611862182617	84.82964324951172	0	0	92089.09375	11.430509567260742
1981	1	1	0	12000	10000	9.21030044555664	125000	7	2016	12632	3	18900	9.846917152404785	5	11.736069679260254	1	7.608870983123779	9.443988800048828	9.846917152404785	84.82964324951172	0	0	96006.140625	11.472169876098633
1981	0	0	0	12000	10000	9.21030044555664	118000	7	1991	12632	3	18900	9.846917152404785	5	11.67844009399414	1	7.5963921546936035	9.443988800048828	9.846917152404785	84.82964324951172	0	0	90629.796875	11.41454029083252
1981	0	0	0	12000	10000	9.21030044555664	100000	7	1746	13504	3	19000	9.852193832397461	5	11.512929916381836	1	7.465083122253418	9.510741233825684	9.852193832397461	84.82964324951172	0	0	76804.90625	11.249019622802734
1981	1	1	0	12000	10000	9.21030044555664	128000	7	2700	13504	3	19000	9.852193832397461	5	11.759790420532227	1	7.901007175445557	9.510741233825684	9.852193832397461	84.82964324951172	0	0	98310.2890625	11.495880126953125
1981	0	0	0	11000	10000	9.21030044555664	140000	7	2302	13504	3	18800	9.841611862182617	5	11.84939956665039	1	7.741534233093262	9.510741233825684	9.841611862182617	84.82964324951172	0	0	107526.8984375	11.58549976348877
1981	0	0	0	11000	10000	9.21030044555664	143500	6	2144	12806	3	18400	9.82010555267334	5	11.874090194702148	1	7.670429229736328	9.457669258117676	9.82010555267334	84.82964324951172	0	0	110215.1015625	11.610190391540527
1981	59	3481	4	2000	6000	8.69950008392334	66500	5	1867	5000	1	6800	8.824678421020508	3	11.104960441589355	1	7.532087802886963	8.517192840576172	8.824678421020508	75.6812973022461	1	1	51075.26953125	10.841059684753418
1981	51	2601	0	2000	5000	8.517200469970703	50000	5	1140	13945	1	7100	8.867850303649902	3	10.819780349731445	1	7.038784027099609	9.542876243591309	8.867850303649902	72.5427017211914	1	1	38402.4609375	10.555879592895508
1981	25	625	0	4000	5000	8.517200469970703	65000	5	912	12005	1	11100	9.31470012664795	5	11.08213996887207	1	6.815639972686768	9.393078804016113	9.31470012664795	72.5427017211914	1	1	49923.19921875	10.81824016571045
1981	20	400	0	7000	7000	8.853699684143066	86000	6	1425	19550	1	14000	9.546813011169434	5	11.362099647521973	1	7.261927127838135	9.880730628967285	9.546813011169434	78.38800048828125	1	1	66052.2265625	11.098199844360352
1981	131	17161	0	12000	12000	9.3927001953125	120000	9	3798	50045	2	19000	9.852193832397461	5	11.695249557495117	1	8.242229461669922	10.820679664611816	9.852193832397461	88.22281646728516	0	0	92165.8984375	11.431349754333496
1981	0	0	0	11000	11000	9.305700302124023	135000	7	2252	34879	3	18300	9.814656257629395	5	11.813030242919922	1	7.719573974609375	10.459639549255371	9.814656257629395	86.59606170654297	0	0	103686.6015625	11.5491304397583
1981	0	0	0	11000	11000	9.305700302124023	135000	7	2252	34879	3	18300	9.814656257629395	5	11.813030242919922	1	7.719573974609375	10.459639549255371	9.814656257629395	86.59606170654297	0	0	103686.6015625	11.5491304397583
1981	0	0	0	12000	11000	9.305700302124023	160000	7	2836	37046	3	18500	9.825526237487793	5	11.982930183410645	1	7.950150012969971	10.519920349121094	9.825526237487793	86.59606170654297	0	0	122887.8984375	11.719030380249023
1981	0	0	0	12000	11000	9.305700302124023	168000	7	2486	30808	3	18600	9.8309173583984375	5	12.031720161437988	1	7.818429946899414	10.335530281066895	9.8309173583984375	86.59606170654297	0	0	129032.296875	11.767820358276367
1981	0	0	0	12000	11000	9.305700302124023	182095	7	3074	25159	3	18500	9.825526237487793	5	12.112279891967773	1	8.03073501586914	10.132969856262207	9.825526237487793	86.59606170654297	0	0	139857.90625	11.848380088806152
1981	0	0	0	12000	11000	9.305700302124023	175000	7	3074	25265	3	18500	9.825526237487793	5	12.072540283203125	1	8.03073501586914	10.13718032836914	9.825526237487793	86.59606170654297	0	0	134408.59375	11.808639526367188
1981	0	0	0	11000	11000	9.305700302124023	162000	7	3232	25380	3	18400	9.82010555267334	5	11.995349884033203	1	8.0808563232421875	10.141719818115234	9.82010555267334	86.59606170654297	0	0	124424	11.731450080871582
1981	0	0	0	12000	12000	9.3927001953125	189857	7	3396	31412	4	18700	9.836278915405273	5	12.154029846191406	1	8.130353927612305	10.354949951171875	9.836278915405273	88.22281646728516	0	0	145819.5	11.890130043029785
1981	0	0	0	12000	12000	9.3927001953125	190508	7	2464	37026	3	18900	9.846917152404785	5	12.157449722290039	1	7.80954122543335	10.519379615783691	9.846917152404785	88.22281646728516	0	0	146319.5	11.893549919128418
1981	0	0	0	12000	12000	9.3927001953125	234552	7	3252	29671	3	19000	9.852193832397461	5	12.365429878234863	1	8.08702564239502	10.297920227050781	9.852193832397461	88.22281646728516	0	0	180147.5	12.101530075073242
1981	0	0	0	12000	11000	9.305700302124023	220000	7	3040	29621	3	19000	9.852193832397461	5	12.301380157470703	1	8.019613265991211	10.296239852905273	9.852193832397461	86.59606170654297	0	0	168970.796875	12.037480354309082
1981	0	0	0	12000	11000	9.305700302124023	175000	7	3055	25265	3	18900	9.846917152404785	5	12.072540283203125	1	8.024535179138184	10.13718032836914	9.846917152404785	86.59606170654297	0	0	134408.59375	11.808639526367188
1981	11	121	0	13000	16000	9.680299758911133	118000	7	1731	14810	2	5000	8.517192840576172	7	11.67844009399414	1	7.456455230712891	9.603057861328125	8.517192840576172	93.70821380615234	1	1	90629.796875	11.41454029083252
1981	1	1	1	11000	14000	9.546799659729004	155000	9	2996	45738	3	8700	9.071078300476074	11	11.951180458068848	1	8.005032539367676	10.730680465698242	9.071078300476074	91.1413803100586	1	1	119047.6015625	11.68727970123291
1981	0	0	1	11000	14000	9.546799659729004	144000	7	2464	46174	3	8600	9.059516906738281	11	11.877570152282715	1	7.80954122543335	10.740169525146484	9.059516906738281	91.1413803100586	1	1	110599.1015625	11.613670349121094
1981	0	0	1	10000	13000	9.472700119018555	216000	7	2548	46174	3	8800	9.082507133483887	11	12.283029556274414	1	7.843063831329346	10.740169525146484	9.082507133483887	89.73204803466797	1	1	165898.59375	12.019129753112793
1981	0	0	1	10000	13000	9.472700119018555	124500	6	3398	63260	4	9900	9.200289726257324	11	11.732060432434082	1	8.130942344665527	11.055009841918945	9.200289726257324	89.73204803466797	1	1	95622.1171875	11.468159675598145
1981	0	0	1	10000	13000	9.472700119018555	80000	6	1988	65212	3	8100	8.9996185302734375	11	11.289779663085938	1	7.594883918762207	11.085399627685547	8.9996185302734375	89.73204803466797	1	1	61443.9296875	11.025879859924316
1981	0	0	1	10000	14000	9.546799659729004	100000	7	5136	47916	3	8200	9.011889457702637	11	11.512929916381836	1	8.54403018951416	10.777199745178223	9.011889457702637	91.1413803100586	1	1	76804.90625	11.249019622802734
1981	81	6561	4	3000	6000	8.69950008392334	88000	6	2327	35538	1	7800	8.961878776550293	5	11.385089874267578	1	7.752335071563721	10.478360176086426	8.961878776550293	75.6812973022461	1	1	67588.328125	11.121190071105957
1981	41	1681	4	3000	7000	8.853699684143066	41000	6	936	8276	1	6300	8.748305320739746	5	10.621330261230469	1	6.841616153717041	9.02111530303955	8.748305320739746	78.38800048828125	1	1	31490.01953125	10.357430458068848
1981	121	14641	4	7000	3000	8.006400108337402	66000	7	1674	54886	1	7600	8.935903549194336	5	11.097410202026367	1	7.422970771789551	10.913009643554688	8.935903549194336	64.1024398803711	1	1	50691.25	10.833510398864746
1981	7	49	4	4000	7000	8.853699684143066	74000	5	1587	5957	2	9600	9.16951847076416	5	11.211819648742676	1	7.369600772857666	8.692322731018066	9.16951847076416	78.38800048828125	1	1	56835.640625	10.947919845581055
1981	1	1	0	4000	7000	8.853699684143066	76900	5	1531	3049	2	7200	8.8818359375	5	11.250260353088379	1	7.333675861358643	8.022568702697754	8.8818359375	78.38800048828125	1	1	59062.98046875	10.986359596252441
1981	0	0	0	7000	9000	9.104999542236328	132000	7	2574	43757	3	12300	9.417354583740234	7	11.790559768676758	1	7.853216171264648	10.686409950256348	9.417354583740234	82.90101623535156	1	1	101382.5	11.526659965515137
1981	0	0	0	6000	8000	8.987199783325195	130000	7	2644	35284	2	11900	9.384293556213379	5	11.775289535522461	1	7.880047798156738	10.471179962158203	9.384293556213379	80.76976013183594	1	1	99846.390625	11.51138973236084
1981	39	1521	0	10000	10000	9.21030044555664	75000	6	1456	18215	1	16100	9.686574935913086	5	11.225239753723145	1	7.283448219299316	9.8100004196167	9.686574935913086	84.82964324951172	0	0	57603.69140625	10.961339950561523
1981	2	4	0	10000	11000	9.305700302124023	156500	7	2464	31215	3	16000	9.6803436279296875	7	11.960809707641602	1	7.80954122543335	10.348649978637695	9.6803436279296875	86.59606170654297	0	0	120199.703125	11.69690990447998
1981	8	64	0	10000	10000	9.21030044555664	140000	8	2400	29226	3	16000	9.6803436279296875	5	11.84939956665039	1	7.783224105834961	10.28281021118164	9.6803436279296875	84.82964324951172	0	0	107526.8984375	11.58549976348877
1981	81	6561	0	11000	11000	9.305700302124023	65000	6	1760	32670	2	17300	9.758461952209473	5	11.08213996887207	1	7.473069190979004	10.394209861755371	9.758461952209473	86.59606170654297	0	0	49923.19921875	10.81824016571045
1981	6	36	0	12000	12000	9.3927001953125	150000	6	3132	26136	3	17800	9.786953926086426	7	11.918390274047852	1	8.049427032470703	10.171070098876953	9.786953926086426	88.22281646728516	0	0	115207.3984375	11.65449047088623
1981	2	4	0	13000	13000	9.472700119018555	155000	7	2688	28688	2	19000	9.852193832397461	5	11.951180458068848	1	7.896553039550781	10.264229774475098	9.852193832397461	89.73204803466797	0	0	119047.6015625	11.68727970123291
1981	0	0	6	23000	25000	10.126999855041504	153000	7	2656	43996	3	24500	10.106430053710938	11	11.938190460205078	1	7.884575843811035	10.691849708557129	10.106430053710938	102.55609893798828	0	0	117511.5	11.67428970336914
1981	0	0	6	23000	25000	10.126999855041504	160000	7	2738	43560	3	24600	10.11050033569336	11	11.982930183410645	1	7.914982795715332	10.681889533996582	10.11050033569336	102.55609893798828	0	0	122887.8984375	11.719030380249023
1981	0	0	6	23000	25000	10.126999855041504	148000	7	2736	43560	3	24600	10.11050033569336	11	11.904970169067383	1	7.914251804351807	10.681889533996582	10.11050033569336	102.55609893798828	0	0	113671.296875	11.641070365905762
1981	0	0	6	23000	25000	10.126999855041504	142000	8	3726	43935	3	24500	10.106430053710938	11	11.863579750061035	1	8.223090171813965	10.690469741821289	10.106430053710938	102.55609893798828	0	0	109063	11.599679946899414
1981	1	1	6	22000	24000	10.086000442504883	162000	7	2656	45302	3	24100	10.089969635009766	11	11.995349884033203	1	7.884575843811035	10.721110343933105	10.089969635009766	101.72740173339844	0	0	124424	11.731450080871582
1981	0	0	6	22000	24000	10.086000442504883	175500	8	3284	43996	3	24000	10.085809707641602	11	12.075389862060547	1	8.0968170166015625	10.691849708557129	10.085809707641602	101.72740173339844	0	0	134792.59375	11.811490058898926
1981	1	1	6	22000	24000	10.086000442504883	194000	9	3170	45302	3	23900	10.081629753112793	11	12.175609588623047	1	8.061487197875977	10.721110343933105	10.081629753112793	101.72740173339844	0	0	149001.5	11.911709785461426
1981	0	0	6	24000	25000	10.126999855041504	130500	6	2330	43995	2	26800	10.196160316467285	11	11.779129981994629	1	7.753623008728027	10.691829681396484	10.196160316467285	102.55609893798828	0	0	100230.3984375	11.515230178833008
1981	29	841	1	16000	19000	9.85219955444336	73000	6	1564	48787	1	17200	9.752664566040039	11	11.198209762573242	1	7.355001926422119	10.795220375061035	9.752664566040039	97.065826416015625	0	0	56067.58984375	10.934309959411621
1981	0	0	1	16000	18000	9.798100471496582	140000	6	2248	49829	3	17100	9.746833801269531	11	11.84939956665039	1	7.7177958488464355	10.816349983215332	9.746833801269531	96.00276947021484	0	0	107526.8984375	11.58549976348877
1981	29	841	1	17000	19000	9.85219955444336	82000	6	1566	43996	1	18300	9.814656257629395	11	11.314470291137695	1	7.3562798500061035	10.691849708557129	9.814656257629395	97.065826416015625	0	0	62980.03125	11.050569534301758
1981	2	4	1	15000	17000	9.741000175476074	180000	7	2744	77101	3	16500	9.711115837097168	11	12.100709915161133	1	7.917171955108643	11.252869606018066	9.711115837097168	94.88707733154297	0	0	138248.796875	11.836810111999512
1981	0	0	1	16000	18000	9.798100471496582	200000	7	2470	64745	3	16600	9.717158317565918	11	12.206069946289062	1	7.811974048614502	11.07820987701416	9.717158317565918	96.00276947021484	0	0	153609.796875	11.942170143127441
1981	51	2601	6	22000	23000	10.043000221252441	52900	6	1199	54450	1	25500	10.146430015563965	7	10.87615966796875	1	7.089242935180664	10.90503978729248	10.146430015563965	100.86190032958984	0	0	40629.80078125	10.612259864807129
1981	17	289	6	21000	23000	10.043000221252441	110000	6	2204	45302	2	25200	10.134599685668945	11	11.608240127563477	1	7.698029041290283	10.721110343933105	10.134599685668945	100.86190032958984	0	0	84485.40625	11.344329833984375
1981	0	0	6	22000	24000	10.086000442504883	68000	7	2400	45738	3	25200	10.134599685668945	11	11.127260208129883	1	7.783224105834961	10.730680465698242	10.134599685668945	101.72740173339844	0	0	52227.33984375	10.863360404968262
1981	2	4	6	22000	23000	10.043000221252441	90000	7	3152	51835	2	25000	10.126629829406738	11	11.407569885253906	1	8.055792808532715	10.855819702148438	10.126629829406738	100.86190032958984	0	0	69124.421875	11.143659591674805
1981	2	4	6	22000	23000	10.043000221252441	102000	7	3152	51835	2	25000	10.126629829406738	11	11.532730102539062	1	8.055792808532715	10.855819702148438	10.126629829406738	100.86190032958984	0	0	78341.0234375	11.268830299377441
1981	0	0	6	22000	24000	10.086000442504883	119600	7	2701	48787	3	25300	10.13856029510498	11	11.691909790039062	1	7.901377201080322	10.795220375061035	10.13856029510498	101.72740173339844	0	0	91858.6796875	11.428009986877441
1981	2	4	0	25000	26000	10.166000366210938	113500	7	2000	43569	3	28000	10.239959716796875	11	11.639559745788574	1	7.600903034210205	10.682100296020508	10.239959716796875	103.34760284423828	0	0	87173.578125	11.375659942626953
1981	11	121	2	27000	28000	10.239999771118164	80500	7	1286	44200	2	30900	10.338509559631348	11	11.29601001739502	1	7.159292221069336	10.696479797363281	10.338509559631348	104.85759735107422	0	0	61827.9609375	11.032110214233398
1981	19	361	2	25000	26000	10.166000366210938	75900	6	1344	78408	2	29800	10.302260398864746	7	11.237170219421387	1	7.203404903411865	11.26968002319336	10.302260398864746	103.34760284423828	0	0	58294.9296875	10.973270416259766
1981	2	4	2	23000	24000	10.086000442504883	109000	6	1232	49384	2	27000	10.203590393066406	11	11.599100112915039	1	7.11639404296875	10.807379722595215	10.203590393066406	101.72740173339844	0	0	83717.359375	11.335200309753418
1981	6	36	2	24000	24000	10.086000442504883	160000	7	4056	69465	3	27900	10.236379623413086	7	11.982930183410645	1	8.307952880859375	11.148579597473145	10.236379623413086	101.72740173339844	0	0	122887.8984375	11.719030380249023
1981	8	64	2	25000	25000	10.126999855041504	120000	7	2364	43996	3	29300	10.285340309143066	7	11.695249557495117	1	7.7681097984313965	10.691849708557129	10.285340309143066	102.55609893798828	0	0	92165.8984375	11.431349754333496
1981	0	0	2	25000	26000	10.166000366210938	135900	7	2377	43560	3	29600	10.295530319213867	7	11.819669723510742	1	7.773593902587891	10.681889533996582	10.295530319213867	103.34760284423828	0	0	104377.8984375	11.555769920349121
1981	6	36	5	27000	28000	10.239999771118164	121000	7	2706	43996	3	31800	10.367219924926758	7	11.703550338745117	1	7.903226852416992	10.691849708557129	10.367219924926758	104.85759735107422	0	0	92933.953125	11.439640045166016
1981	15	225	5	31000	32000	10.373000144958496	85000	6	1978	44867	2	35700	10.48291015625	7	11.350410461425781	1	7.589840888977051	10.71146011352539	10.48291015625	107.5990982055664	0	0	65284.1796875	11.08650016784668
1981	3	9	5	28000	28000	10.239999771118164	133000	7	2756	43573	3	32100	10.376609802246094	7	11.798100471496582	1	7.921535015106201	10.68218994140625	10.376609802246094	104.85759735107422	0	0	102150.5	11.534199714660645
1981	0	0	5	31000	31000	10.342000007629395	143000	7	2576	49223	3	35400	10.474470138549805	7	11.870599746704102	1	7.853992938995361	10.804120063781738	10.474470138549805	106.95700073242188	0	0	109831	11.60669994354248
1981	2	4	5	32000	33000	10.404000282287598	130000	7	2528	45738	3	36800	10.513250350952148	7	11.775289535522461	1	7.835184097290039	10.730680465698242	10.513250350952148	108.24320220947266	0	0	99846.390625	11.51138973236084
1981	0	0	5	32000	32000	10.373000144958496	135000	7	2464	46609	3	36700	10.510530471801758	7	11.813030242919922	1	7.80954122543335	10.749549865722656	10.510530471801758	107.5990982055664	0	0	103686.6015625	11.5491304397583
1981	2	4	5	31000	31000	10.342000007629395	141000	7	2920	43560	3	35000	10.46310043334961	7	11.856510162353516	1	7.979339122772217	10.681889533996582	10.46310043334961	106.95700073242188	0	0	108294.8984375	11.592610359191895
1981	0	0	5	31000	31000	10.342000007629395	125000	7	2548	43560	3	35000	10.46310043334961	7	11.736069679260254	1	7.843063831329346	10.681889533996582	10.46310043334961	106.95700073242188	0	0	96006.140625	11.472169876098633
1981	0	0	0	24000	24000	10.086000442504883	172900	7	2580	53579	3	29100	10.27849006652832	7	12.060469627380371	1	7.8555450439453125	10.888910293579102	10.27849006652832	101.72740173339844	0	0	132795.703125	11.79656982421875
1981	0	0	0	24000	24000	10.086000442504883	177755	7	2738	45973	3	28600	10.261159896850586	7	12.088159561157227	1	7.914982795715332	10.735810279846191	10.261159896850586	101.72740173339844	0	0	136524.59375	11.824259757995605
1981	0	0	0	25000	25000	10.126999855041504	125000	7	2208	45738	3	29500	10.292149543762207	7	11.736069679260254	1	7.6998419761657715	10.730680465698242	10.292149543762207	102.55609893798828	0	0	96006.140625	11.472169876098633
1981	0	0	0	23000	23000	10.043000221252441	173500	7	2900	43560	3	28200	10.247079849243164	7	12.063929557800293	1	7.972465991973877	10.681889533996582	10.247079849243164	100.86190032958984	0	0	133256.5	11.800029754638672
1981	0	0	0	23000	23000	10.043000221252441	169000	7	3292	43560	3	28100	10.24351978302002	7	12.037650108337402	1	8.099250793457031	10.681889533996582	10.24351978302002	100.86190032958984	0	0	129800.296875	11.773750305175781
1981	0	0	0	24000	24000	10.086000442504883	167950	6	2472	52708	3	28800	10.2681303024292	7	12.03141975402832	1	7.8127827644348145	10.872520446777344	10.2681303024292	101.72740173339844	0	0	128993.8984375	11.7675199508667
1981	0	0	0	23000	24000	10.086000442504883	145000	7	2569	43560	3	28600	10.261159896850586	7	11.884490013122559	1	7.851272106170654	10.681889533996582	10.261159896850586	101.72740173339844	0	0	111367.1015625	11.620590209960938
1981	0	0	0	23000	23000	10.043000221252441	159900	7	2464	47480	3	28400	10.25413990020752	7	11.9822998046875	1	7.80954122543335	10.768059730529785	10.25413990020752	100.86190032958984	0	0	122811.1015625	11.718400001525879
1981	0	0	0	23000	23000	10.043000221252441	172267	7	2826	46598	3	28300	10.250619888305664	7	12.05679988861084	1	7.94661808013916	10.749309539794922	10.250619888305664	100.86190032958984	0	0	132309.5	11.792900085449219
1981	0	0	0	23000	23000	10.043000221252441	156900	7	2464	43908	3	28300	10.250619888305664	7	11.963359832763672	1	7.80954122543335	10.689849853515625	10.250619888305664	100.86190032958984	0	0	120506.8984375	11.69946002960205
1981	0	0	0	23000	23000	10.043000221252441	169900	7	2832	43560	3	28100	10.24351978302002	7	12.042960166931152	1	7.948739051818848	10.681889533996582	10.24351978302002	100.86190032958984	0	0	130491.6015625	11.779060363769531
1981	7	49	2	23000	23000	10.043000221252441	129900	7	2056	65340	3	28300	10.250619888305664	7	11.774519920349121	1	7.628518104553223	11.087360382080078	10.250619888305664	100.86190032958984	0	0	99769.59375	11.5106201171875
1981	26	676	2	21000	21000	9.952300071716309	109900	7	2632	64904	2	27000	10.203590393066406	7	11.607330322265625	1	7.8754987716674805	11.080659866333008	10.203590393066406	99.04827880859375	0	0	84408.6015625	11.343420028686523
1981	13	169	2	18000	19000	9.85219955444336	120000	6	2528	44431	3	24500	10.106430053710938	7	11.695249557495117	1	7.835184097290039	10.701689720153809	10.106430053710938	97.065826416015625	0	0	92165.8984375	11.431349754333496
1981	7	49	2	22000	22000	9.998800277709961	140000	6	1800	44867	3	28100	10.24351978302002	7	11.84939956665039	1	7.495542049407959	10.71146011352539	10.24351978302002	99.97601318359375	0	0	107526.8984375	11.58549976348877
1981	7	49	2	23000	23000	10.043000221252441	83000	6	1182	44247	1	28900	10.271599769592285	7	11.326600074768066	1	7.074963092803955	10.697540283203125	10.271599769592285	100.86190032958984	0	0	63748.078125	11.062689781188965
1981	0	0	2	21000	21000	9.952300071716309	175000	7	2738	59790	3	26600	10.18867015838623	7	12.072540283203125	1	7.914982795715332	10.998590469360352	10.18867015838623	99.04827880859375	0	0	134408.59375	11.808639526367188
1981	7	49	2	20000	20000	9.903499603271484	117500	8	2016	44900	3	25800	10.158129692077637	7	11.674189567565918	1	7.608870983123779	10.712189674377441	10.158129692077637	98.07930755615234	0	0	90245.7734375	11.410289764404297
1981	0	0	2	20000	20000	9.903499603271484	155500	7	2610	44431	3	25800	10.158129692077637	7	11.954400062561035	1	7.867105007171631	10.701689720153809	10.158129692077637	98.07930755615234	0	0	119431.6015625	11.690500259399414
1981	2	4	2	20000	20000	9.903499603271484	158000	7	2627	43560	3	25600	10.150349617004395	7	11.97035026550293	1	7.873598098754883	10.681889533996582	10.150349617004395	98.07930755615234	0	0	121351.796875	11.706450462341309
1981	7	49	0	20000	19000	9.85219955444336	115000	6	1848	46300	2	26500	10.184900283813477	5	11.652689933776855	1	7.521859169006348	10.742899894714355	10.184900283813477	97.065826416015625	0	0	88325.65625	11.388790130615234
1981	6	36	3	27000	26000	10.166000366210938	133500	7	2648	46609	3	33000	10.40425968170166	7	11.801859855651855	1	7.8815598487854	10.749549865722656	10.40425968170166	103.34760284423828	0	0	102534.6015625	11.537960052490234
1981	4	16	3	26000	26000	10.166000366210938	128000	7	2464	43560	3	32700	10.395130157470703	7	11.759790420532227	1	7.80954122543335	10.681889533996582	10.395130157470703	103.34760284423828	0	0	98310.2890625	11.495880126953125
1981	5	25	3	30000	29000	10.274999618530273	105000	7	1998	67954	3	36400	10.502320289611816	7	11.56171989440918	1	7.599902153015137	11.12658977508545	10.502320289611816	105.57559967041016	0	0	80645.15625	11.297809600830078
1981	16	256	0	33000	33000	10.404000282287598	90000	6	1549	44431	1	38900	10.568750381469727	7	11.407569885253906	1	7.345365047454834	10.701689720153809	10.568750381469727	108.24320220947266	0	0	69124.421875	11.143659591674805
1981	12	144	0	11000	13000	9.472700119018555	270000	7	3334	43560	3	15000	9.615804672241211	7	12.506179809570312	1	8.11192798614502	10.681889533996582	9.615804672241211	89.73204803466797	1	1	207373.296875	12.242280006408691
1981	26	676	0	13000	14000	9.546799659729004	70000	6	1526	28314	1	17600	9.775653839111328	7	11.15625	1	7.330405235290527	10.251110076904297	9.775653839111328	91.1413803100586	0	0	53763.44140625	10.892350196838379
1981	3	9	0	14000	15000	9.615799903869629	98000	6	1197	50965	2	18700	9.836278915405273	7	11.492719650268555	1	7.087574005126953	10.838890075683594	9.836278915405273	92.46360778808594	0	0	75268.8203125	11.228819847106934
1981	1	1	0	12000	13000	9.472700119018555	103900	7	1836	35284	3	17400	9.764225006103516	7	11.551179885864258	1	7.515345096588135	10.471179962158203	9.764225006103516	89.73204803466797	0	0	79800.296875	11.287280082702637
1981	6	36	0	12000	12000	9.3927001953125	101100	7	2856	29955	2	17700	9.781319618225098	7	11.523870468139648	1	7.95717716217041	10.307450294494629	9.781319618225098	88.22281646728516	0	0	77649.7734375	11.259960174560547
1981	1	1	0	12000	13000	9.472700119018555	107900	7	1836	35121	2	17600	9.775653839111328	7	11.588959693908691	1	7.515345096588135	10.46654987335205	9.775653839111328	89.73204803466797	0	0	82872.5	11.32505989074707
1981	15	225	4	6000	6000	8.69950008392334	62000	6	1133	5000	1	13800	9.532423973083496	5	11.034890174865723	1	7.032623767852783	8.517192840576172	9.532423973083496	75.6812973022461	1	1	47619.05078125	10.770990371704102
1981	1	1	4	6000	5000	8.517200469970703	96750	7	1242	23087	2	13400	9.503009796142578	5	11.479889869689941	1	7.124477863311768	10.047019958496094	9.503009796142578	72.5427017211914	1	1	74308.7578125	11.21597957611084
1981	36	1296	4	6000	6000	8.69950008392334	79500	5	2216	10000	2	13400	9.503009796142578	5	11.283510208129883	1	7.703458786010742	9.210339546203613	9.503009796142578	75.6812973022461	1	1	61059.91015625	11.019610404968262
1981	0	0	4	6000	5000	8.517200469970703	97900	7	1226	13068	2	13100	9.480367660522461	5	11.491700172424316	1	7.111512184143066	9.4779205322265625	9.480367660522461	72.5427017211914	1	1	75192.0234375	11.227800369262695
1981	0	0	4	6000	5000	8.517200469970703	103900	7	1910	20909	2	13200	9.487972259521484	5	11.551179885864258	1	7.554859161376953	9.947935104370117	9.487972259521484	72.5427017211914	1	1	79800.296875	11.287280082702637
1981	3	9	4	5000	6000	8.69950008392334	70000	6	1728	10938	2	12800	9.457200050354004	5	11.15625	1	7.4547200202941895	9.29999828338623	9.457200050354004	75.6812973022461	1	1	53763.44140625	10.892350196838379
1981	26	676	0	10000	10000	9.21030044555664	175000	6	1842	29130	2	16900	9.735069274902344	5	12.072540283203125	1	7.518607139587402	10.279520034790039	9.735069274902344	84.82964324951172	0	0	134408.59375	11.808639526367188
1981	65	4225	0	10000	10000	9.21030044555664	80000	5	2384	10000	2	17000	9.740968704223633	5	11.289779663085938	1	7.7765350341796875	9.210339546203613	9.740968704223633	84.82964324951172	0	0	61443.9296875	11.025879859924316
1981	25	625	0	10000	10000	9.21030044555664	60000	6	1388	7500	1	16900	9.735069274902344	5	11.002099990844727	1	7.235619068145752	8.92265796661377	9.735069274902344	84.82964324951172	0	0	46082.94921875	10.738200187683105
1981	0	0	6	24000	26000	10.166000366210938	144500	7	3140	48787	3	25000	10.126629829406738	11	11.881030082702637	1	8.05197811126709	10.795220375061035	10.126629829406738	103.34760284423828	0	0	110983.1015625	11.617130279541016
1981	20	400	0	15000	15000	9.615799903869629	97000	6	1296	44867	2	21300	9.966462135314941	7	11.48246955871582	1	7.1670379638671875	10.71146011352539	9.966462135314941	92.46360778808594	0	0	74500.7734375	11.218560218811035
1981	19	361	0	14000	15000	9.615799903869629	95000	5	1148	44182	2	20500	9.928179740905762	7	11.461629867553711	1	7.045775890350342	10.696069717407227	9.928179740905762	92.46360778808594	0	0	72964.671875	11.19773006439209
1981	0	0	0	13000	13000	9.472700119018555	204080	7	2261	45465	3	19400	9.873027801513672	5	12.226269721984863	1	7.723561763763428	10.724699974060059	9.873027801513672	89.73204803466797	0	0	156743.5	11.962369918823242
