       764      2148       505      1474
       764      2142       513      1699
       762      2155       515      1229
       765      2767       517      1136
       765      3039       516      1162
       762      3040       514      1047
       762      3039       514       937
       764      3041       512      1149
       763      3039       503      1345
       762      3039       502      1096
       764      3042       503      1393
       765      3041       507      1338
       766      3043       510      1153
       763      3040       511       881
       764      3042       512      1098
       765      3041       509      1487
       765      3041       506      1299
       766      3043       505      1350
       766      3042       506      1486
       762      3040       505      1239
       762      3039       509      1382
       765      3041       509      1633
       763      3037       507      1481
       765      3042       507      1565
       762      3139       507      1503
       792      3120       509      1511
       796      3122       510       982
       808      2814       510      1098
       823      2817       509      1432
       822      2817       507      1336
       834      3359       506      1332
       835      3358       504      1523
       834      2782       504      1180
       810      2747       506      1609
       779      2751       504      1252
       769      2984       501      1391
       738      3009       503      1354
       726      2984       501      1581
       726      2663       496      1737
       746      2649       498      1623
       747      3148       498      1689
       802      3155       499      1420
       817      3155       501      1386
       820      3089       502      1362
       758      3085       500      1444
       712      3085       500      1569
       762      3030       502      1515
       790      3018       503      1462
       795      2445       506      1495
       725      2307       506      1273
       710      2310       506      1173
       726      2817       508      1424
       760      2817       512      1427
       767      2817       510      1008
       804      2745       509      1572
       816      2747       509      1127
       817      2950       511      1637
       821      2953       508       878
       821      2950       504      1194
       772      3119       506      1673
       737      3109       506      1506
       741      3109       506       939
       771      3242       503      1262
       782      3245       503      1558
       782      2599       501      1285
       787      2467       505      1450
       788      2463       505      1206
       753      3492       504      1391
       739      3494       506      1242
       742      3494       502      1435
       776      3073       505      1597
       784      3079       504      1583
       784      2952       503      1483
       778      2906       510      1569
       777      2908       513      1308
       757      3042       516      1478
       726      3041       514      1436
       722      3037       517      1470
       757      3122       512      1267
       775      3121       514      1627
       775      3085       514      1696
       727      2910       515      1601
       716      2919       513      1528
       729      3257       513      1716
       751      4356       513      1649
       753      3257       513      1875
       810      3390       512      1553
       829      3390       515      1476
       830      3318       515      1714
       805      3152       519      1562
       738      3153       519      1547
       726      2917       521      1285
       720      2918       521      1623
       722      2919       518      1833
       796      3022       514      1602
       828      3015       516      1628
       829      2870       519      1584
       827      2434       517      1905
       822      2442       519      1464
       805      3322       517      1628
       767      3349       516      1124
       763      3345       513      1802
       780      3083       511      1713
       792      3086       508      1729
       789      3427       508      1862
       772      3356       506      1546
       773      3358       505      1670
       763      3627       507      1854
       746      3628       505      1547
       751      3627       507      1723
       723      3051       511      1985
       728      3054       516      1977
       727      3054       519      1882
       777      3041       521      1895
       793      3039       522      1823
       780      3039       519      1723
       766      3040       522      1924
       766      3052       522      1684
       747      2772       518      2010
       735      2774       521      2054
       741      2776       520      1704
       748      2697       520      1886
       753      2677       519      1624
       760      2171       519      2013
       806      1970       521      1714
       820      1968       520      1484
       794      3151       519      1443
       781      3156       520      1902
       774      3156       519      1313
       755      3086       508      1275
       754      3086       509      1715
       752      3020       509      1447
       724      3021       508      1679
       719      3018       508      1354
       699      3494       511      1468
       696      3492       515      1492
       699      3424       511      1655
       734      3426       513      1286
       738      3424       518      1629
       706      2716       515      2149
       698      2715       521      2060
       699      2713       524      1734
       742      3187       523      1617
       752      3187       524      1404
       754      3084       521      1832
       761      3089       522      1862
       760      3088       523      1733
       729      3256       523      1701
       712      3258       523      2018
       710      3154       521      1872
       713      2442       521      1863
       716      2446       524      1665
       719      2713       529      1667
       748      2682       529      1430
       760      2682       532      1492
       761      2814       535      1666
       757      2814       532      1659
       758      2985       532      1614
       750      3187       532      1902
       749      3187       533      1691
       743      2445       533      1775
       713      2378       530      1428
       704      2376       530      1637
       700      2851       533      1353
       698      2842       532      1539
       697      2850       529      1232
       664      2944       526      1057
       659      2935       526      1576
       673      3020       526      1465
       692      3017       526      1268
       694      3017       527      1532
       716      3359       528      1269
       734      3358       531      1107
       740      3260       532      1429
       794      3156       536      1543
       800      3156       553      1754
       792      3460       550      1578
       747      3458       548      1350
       742      3391       537      1801
       683      2715       541      1917
       692      2713       538      2002
       695      3187       540      1811
       747      3289       534      1511
       756      3279       533      1584
       739      2815       532      1716
       705      2817       532      1494
       701      2987       531      1690
       716      3069       528      1424
       722      3074       531      1647
       725      3390       529      1486
       747      3390       530      1240
       751      3389       529      1727
       758      3356       529      1595
       768      3356       530      1973
       771      3287       529      1795
       790      3122       534      1800
       799      3122       542      1696
       789      3054       542      1681
       773      3359       536      1645
       766      3356       534      2086
       748      3322       528      1744
       745      3322       528      2072
       747      2875       529      2138
       825      2734       529      1595
       840      2716       531      2066
       808      3187       533      2074
       735      3257       524      1610
       732      3255       523      2218
       770      2942       523      1502
       787      2945       523      2046
       787      3018       520      1886
       770      3156       520      1748
       771      3153       521      1870
       772      3085       517      1832
       779      3088       515      2012
       777      3085       517      1720
       733      2109       519      1950
       708      2174       520      1547
       713      2916       519      1677
       779      3189       517      1347
       797      3190       519      1617
       781      3109       516      1476
       757      3120       512      1858
       755      3120       515      1635
       816      3019       516      1274
       845      3017       513      1664
       840      3460       515      1645
       723      3458       512      1550
       695      3457       513      1534
       731      3067       513      1505
       775      3075       513      1993
       779      3125       513      1853
       824      3763       510      1813
       851      3762       504      1650
       835      3187       502      1983
       744      3114       509      1917
       734      3109       511      2112
       707      2916       508      1803
       695      2916       506      1982
       693      2884       501      1934
       786      2781       504      1849
       821      2781       503      2293
       813      3155       509      2170
       780      3187       511      1564
       779      3186       509      1842
       799      2984       510      1850
       817      2985       508      1797
       819      2987       505      2140
       749      2802       504      2272
       717      2813       506      2219
       703      2310       505      1871
       685      2272       514      1723
       680      2274       513      1629
       718      2715       509      1674
       757      2735       505      1582
       760      2836       507      1622
       777      2837       510      1716
       790      2830       509      1661
       818      2595       512      1574
       849      2598       513      1616
       856      2602       516      1520
       796      2667       518      1412
       763      2668       518      1411
       756      3258       519      1238
       750      3256       516      1476
       748      3257       509      1482
       769      3010       503      1184
       780      3006       501      1558
       782      3052       503      1347
       728      3302       502      1348
       717      3309       503      1597
       742      3119       517      1477
       790      2782       520      1312
       796      2781       519      1537
       745      3356       519      1399
       695      3356       520      1382
       687      3250       521      1479
       703      2815       522      1580
       715      2817       521      1626
       726      3103       524      1703
       762      3085       529      1373
       774      3086       535      1524
       789      3088       533      1583
       795      3086       547      1471
       794      3155       548      1398
       737      3325       548      1750
       729      3348       546      1631
       757      2747       542      1422
       786      2747       539      1644
       791      2734       539      1945
       798      2344       541      1374
       802      2345       541      1503
       793      3289       540      1387
       777      3477       524      1492
       770      3470       521      1580
       802      2883       520      1591
       828      2883       518      1629
       832      2879       520      1712
       776      2513       526      1482
       750      2510       526      1489
       741      3243       522      1419
       722      3288       517      1464
       717      3288       509      1373
       724      3187       504      1242
       735      3190       504      1327
       738      3156       507      1337
       747      3086       514      1227
       751      3089       516      1432
       731      3529       518      1280
       700      3524       518      1470
       693      3525       517      1601
       677      3154       516      1694
       676      3153       516      1839
       675      3104       517      1453
       784      3054       526      1787
       804      3054       535      1394
       734      3458       534      1405
       683      3458       532      1496
       678      3311       532      1968
       815      2803       536      1760
       837      2801       536      1714
       818      3187       543      1831
       719      3222       548      1470
       705      3222       551      1554
       764      2817       549      1666
       795      2798       548      1770
       798      3182       543      1974
       762      3460       539      1708
       756      3460       541      1772
       741      2475       541      1891
       702      2374       542      1879
       706      2378       537      1563
       754      3110       540      1588
       791      3108       539      1716
       797      3388       539      1873
       797      3460       536      1542
       794      3456       537      1642
       781      3020       538      1774
       733      3005       538      1557
       723      3007       537      1606
       769      3376       539      1676
       810      3358       535      1295
       809      3157       536      1957
       771      3039       540      1619
       764      3040       546      1687
       761      3039       544      1695
       763      3044       543      1640
       762      3054       543      1755
       762      3054       545      1782
       761      3053       544      1792
       759      3042       540      1927
