price	bus_min	walk_min	shikirei	area	years	floor	ac	closet	flooring	balcony	train_min	num_exchange	num_stations	train_fare	km	station
70000	0	1	4	16.42	10	0	0	0	0	0	1	1	1	140	0.8	minami_shinjuku
79000	0	1	4	19.68	7	0	0	1	0	1	1	1	1	140	0.8	minami_shinjuku
79000	0	1	4	19	6	0	1	1	0	0	1	1	1	140	0.8	minami_shinjuku
90000	0	6	5	19.44	0	1	1	1	1	1	1	1	1	140	0.8	minami_shinjuku
90000	0	6	5	18.23	0	1	1	1	1	1	1	1	1	140	0.8	minami_shinjuku
96000	0	6	5	22.88	0	1	1	1	1	1	1	1	1	140	0.8	minami_shinjuku
98000	0	6	5	22.88	0	1	1	1	1	1	1	1	1	140	0.8	minami_shinjuku
65000	0	5	4	18.63	11	0	1	1	0	0	3	1	2	140	1.5	sangu_bashi
80000	0	2	4	23	8	0	1	0	1	0	3	1	2	140	1.5	sangu_bashi
86000	0	6	4	18.15	0	1	1	1	1	1	3	1	2	140	1.5	sangu_bashi
76000	0	7	4	18.37	8	1	1	1	1	0	3	1	2	140	1.5	sangu_bashi
83000	0	8	4	25.01	10	1	1	1	1	1	3	1	2	140	1.5	sangu_bashi
75000	0	6	4	18	4	1	1	1	1	0	3	1	2	140	1.5	sangu_bashi
59000	0	8	3	11.13	11	1	1	1	0	1	3	1	2	140	1.5	sangu_bashi
55000	0	8	4	11.13	10	1	1	0	0	1	3	1	2	140	1.5	sangu_bashi
77000	0	2	4	23	8	0	1	1	1	0	3	1	2	140	1.5	sangu_bashi
62200	0	8	3	11.13	11	1	1	1	0	1	3	1	2	140	1.5	sangu_bashi
62200	0	8	3	11.13	11	1	1	1	0	1	3	1	2	140	1.5	sangu_bashi
73000	0	8	4	15	9	1	1	1	0	1	5	1	3	140	2.7	yoyogi_hachiman
72000	0	6	4	15.6	10	1	1	0	1	1	5	1	3	140	2.7	yoyogi_hachiman
98000	0	2	4	22.36	10	0	0	1	0	1	5	1	3	140	2.7	yoyogi_hachiman
110000	0	4	4	23.08	6	0	1	1	1	0	5	1	3	140	2.7	yoyogi_hachiman
150000	0	6	4	40.42	8	1	1	1	1	0	5	1	3	140	2.7	yoyogi_hachiman
82000	0	7	4	20.95	8	0	1	0	1	0	5	1	3	140	2.7	yoyogi_hachiman
100000	0	5	4	23.8	6	1	1	1	0	1	5	1	3	140	2.7	yoyogi_hachiman
125000	0	3	4	25.71	2	1	1	1	1	0	5	1	3	140	2.7	yoyogi_hachiman
59000	0	10	4	14.12	12	1	1	1	1	1	5	1	3	140	2.7	yoyogi_hachiman
69000	0	4	4	18.12	10	1	1	1	0	0	5	1	3	140	2.7	yoyogi_hachiman
84000	0	7	4	23.44	6	1	0	1	1	1	5	1	3	140	2.7	yoyogi_hachiman
75000	0	10	3	14.12	12	1	0	0	0	1	5	1	3	140	2.7	yoyogi_hachiman
82000	0	7	4	22.13	6	0	0	1	1	1	5	1	3	140	2.7	yoyogi_hachiman
75000	0	8	4	18.81	10	1	1	1	1	1	5	1	3	140	2.7	yoyogi_hachiman
100000	0	3	4	26.4	3	1	1	0	1	1	5	1	3	140	2.7	yoyogi_hachiman
75000	0	10	4	19	8	1	1	0	0	0	5	2	0	140	3.5	yoyogi_uehara
79000	0	8	4	19.8	8	1	1	1	1	1	5	2	0	140	3.5	yoyogi_uehara
86000	0	9	4	23.89	0	1	1	1	1	1	5	2	0	140	3.5	yoyogi_uehara
115000	0	1	4	28.3	1	1	1	1	1	1	5	2	0	140	3.5	yoyogi_uehara
145000	0	5	4	34.44	0	1	1	1	1	1	5	2	0	140	3.5	yoyogi_uehara
161000	0	5	4	36.75	0	1	1	1	1	1	5	2	0	140	3.5	yoyogi_uehara
40000	0	3	4	12	21	1	0	0	1	1	5	2	0	140	3.5	yoyogi_uehara
75000	0	10	4	19	8	1	1	1	0	1	5	2	0	140	3.5	yoyogi_uehara
85000	0	7	4	21.42	4	1	1	1	1	1	5	2	0	140	3.5	yoyogi_uehara
125000	0	5	4	29.6	5	1	1	1	1	1	5	2	0	140	3.5	yoyogi_uehara
68000	0	5	4	17	8	0	1	1	1	1	5	2	0	140	3.5	yoyogi_uehara
79000	0	1	4	20.98	10	1	1	0	0	1	5	2	0	140	3.5	yoyogi_uehara
87000	0	3	4	20	0	1	1	1	1	1	5	2	0	140	3.5	yoyogi_uehara
74000	0	4	3	20	3	1	1	1	1	1	5	2	0	140	3.5	yoyogi_uehara
96000	0	5	4	26	0	1	1	1	1	1	5	2	0	140	3.5	yoyogi_uehara
85000	0	3	4	20	0	1	1	1	1	1	5	2	0	140	3.5	yoyogi_uehara
100000	0	5	4	25.97	0	0	1	1	1	1	5	2	0	140	3.5	yoyogi_uehara
110000	0	5	4	23.08	6	0	1	1	1	0	5	2	0	140	3.5	yoyogi_uehara
109000	0	5	4	28.7	0	1	1	1	1	1	5	2	0	140	3.5	yoyogi_uehara
115000	0	5	4	30.27	0	1	1	1	1	1	5	2	0	140	3.5	yoyogi_uehara
236200	0	3	6	44.56	5	1	1	1	1	1	5	2	0	140	3.5	yoyogi_uehara
68000	0	3	3	17.4	8	0	1	1	0	1	5	2	0	140	3.5	yoyogi_uehara
76000	0	13	4	18.02	3	0	1	1	1	0	5	2	0	140	3.5	yoyogi_uehara
75000	0	8	4	22.17	10	1	0	1	0	1	5	2	0	140	3.5	yoyogi_uehara
84000	0	10	4	25	8	1	1	1	1	1	5	2	0	140	3.5	yoyogi_uehara
74000	0	6	4	18.48	9	1	1	1	0	1	6	1	1	160	4.2	higashi_kitazawa
90000	0	3	4	28	6	0	1	1	1	0	6	1	1	160	4.2	higashi_kitazawa
66000	0	6	4	16	10	1	0	1	0	1	6	1	1	160	4.2	higashi_kitazawa
72000	0	10	4	18	4	1	0	1	1	0	6	1	1	160	4.2	higashi_kitazawa
82000	0	8	4	21.5	4	1	1	1	1	0	6	1	1	160	4.2	higashi_kitazawa
92000	0	2	4	22.87	6	1	1	1	0	1	6	1	1	160	4.2	higashi_kitazawa
95000	0	3	4	21	5	1	1	1	1	1	6	1	1	160	4.2	higashi_kitazawa
71000	0	5	3	19.87	3	0	1	1	1	0	6	1	1	160	4.2	higashi_kitazawa
64000	0	4	4	16	10	1	0	1	0	1	6	1	1	160	4.2	higashi_kitazawa
75000	0	6	4	22.17	11	1	0	1	0	1	6	1	1	160	4.2	higashi_kitazawa
53000	0	10	4	16.12	9	0	0	1	0	0	6	2	0	160	4.9	shimo_kitazawa
64000	0	7	4	23.13	10	0	0	1	0	0	6	2	0	160	4.9	shimo_kitazawa
69000	0	15	3	17.16	13	1	0	0	0	1	6	2	0	160	4.9	shimo_kitazawa
65000	0	7	4	19.72	12	1	0	1	0	0	6	2	0	160	4.9	shimo_kitazawa
69000	0	5	5	16.59	8	0	0	1	0	0	6	2	0	160	4.9	shimo_kitazawa
70000	0	7	3	19	7	1	1	1	0	0	6	2	0	160	4.9	shimo_kitazawa
72000	0	11	4	17.64	8	0	0	1	1	1	6	2	0	160	4.9	shimo_kitazawa
70000	0	10	4	19.44	6	1	1	0	1	1	6	2	0	160	4.9	shimo_kitazawa
73000	0	13	4	19.44	0	0	1	0	1	1	6	2	0	160	4.9	shimo_kitazawa
72000	0	5	4	20.46	5	1	0	1	0	1	6	2	0	160	4.9	shimo_kitazawa
72000	0	7	4	18.84	1	0	1	1	0	0	6	2	0	160	4.9	shimo_kitazawa
75000	0	6	4	17.95	4	0	1	1	0	1	6	2	0	160	4.9	shimo_kitazawa
75000	0	7	4	16.43	3	0	1	1	1	1	6	2	0	160	4.9	shimo_kitazawa
80000	0	3	4	18.2	12	1	1	1	0	1	6	2	0	160	4.9	shimo_kitazawa
80000	0	10	4	19.8	6	0	1	1	1	1	6	2	0	160	4.9	shimo_kitazawa
79000	0	6	5	17.9	2	1	1	1	1	1	6	2	0	160	4.9	shimo_kitazawa
80000	0	2	4	13.2	5	0	1	0	0	0	6	2	0	160	4.9	shimo_kitazawa
82000	0	12	4	23.18	0	0	1	1	1	1	6	2	0	160	4.9	shimo_kitazawa
85000	0	7	4	20.44	6	1	0	1	1	0	6	2	0	160	4.9	shimo_kitazawa
83000	0	8	4	18.03	5	0	1	1	1	1	6	2	0	160	4.9	shimo_kitazawa
85000	0	10	4	23.36	25	1	1	1	0	1	6	2	0	160	4.9	shimo_kitazawa
89000	0	8	4	20.46	4	1	1	0	1	1	6	2	0	160	4.9	shimo_kitazawa
92000	0	5	4	21.65	7	1	1	1	1	1	6	2	0	160	4.9	shimo_kitazawa
83000	0	13	3	25.55	4	1	1	1	1	1	6	2	0	160	4.9	shimo_kitazawa
90000	0	8	4	21	4	1	1	1	1	1	6	2	0	160	4.9	shimo_kitazawa
100000	0	8	4	25.87	3	1	1	1	1	1	6	2	0	160	4.9	shimo_kitazawa
100000	0	1	4	28	13	1	1	1	0	1	6	2	0	160	4.9	shimo_kitazawa
107000	0	8	4	24.48	3	1	1	1	1	1	6	2	0	160	4.9	shimo_kitazawa
110000	0	6	4	30.38	3	1	1	1	0	1	6	2	0	160	4.9	shimo_kitazawa
115000	0	8	4	28.08	5	1	1	1	1	1	6	2	0	160	4.9	shimo_kitazawa
135000	0	7	5	25.98	4	1	1	1	1	1	6	2	0	160	4.9	shimo_kitazawa
140000	0	5	4	44	15	1	1	0	0	1	6	2	0	160	4.9	shimo_kitazawa
150000	0	1	4	42	13	1	1	1	0	1	6	2	0	160	4.9	shimo_kitazawa
58000	0	5	4	13.5	8	1	1	1	0	0	6	2	0	160	4.9	shimo_kitazawa
63500	0	7	4	14.87	10	1	0	0	0	0	6	2	0	160	4.9	shimo_kitazawa
70000	0	14	4	21	10	0	1	1	1	0	6	2	0	160	4.9	shimo_kitazawa
71500	0	3	3	15.12	12	1	0	0	0	1	6	2	0	160	4.9	shimo_kitazawa
74000	0	9	4	18	7	0	1	0	0	0	6	2	0	160	4.9	shimo_kitazawa
75000	0	7	4	16.12	3	1	1	1	0	1	6	2	0	160	4.9	shimo_kitazawa
75000	0	6	4	17	2	1	1	0	0	1	6	2	0	160	4.9	shimo_kitazawa
78000	0	7	4	19	6	1	1	0	1	1	6	2	0	160	4.9	shimo_kitazawa
80000	0	3	4	18.2	12	1	1	1	0	1	6	2	0	160	4.9	shimo_kitazawa
81000	0	5	4	20.07	0	0	1	1	1	0	6	2	0	160	4.9	shimo_kitazawa
85000	0	5	4	20.07	0	1	1	1	1	0	6	2	0	160	4.9	shimo_kitazawa
85000	0	3	4	17.39	2	1	1	1	0	1	6	2	0	160	4.9	shimo_kitazawa
98000	0	6	4	26.43	6	0	1	1	1	1	6	2	0	160	4.9	shimo_kitazawa
115000	0	8	4	28.08	5	1	1	1	1	1	6	2	0	160	4.9	shimo_kitazawa
69000	0	7	4	15.9	3	1	1	0	1	0	6	2	0	160	4.9	shimo_kitazawa
71000	0	10	4	18.5	6	1	1	1	1	1	6	2	0	160	4.9	shimo_kitazawa
72000	0	15	4	16.13	10	1	0	1	0	0	6	2	0	160	4.9	shimo_kitazawa
77000	0	3	4	18.25	7	0	1	1	0	0	6	2	0	160	4.9	shimo_kitazawa
75000	0	10	4	19	5	1	1	1	1	1	6	2	0	160	4.9	shimo_kitazawa
80000	0	9	4	22.32	7	1	0	1	1	1	6	2	0	160	4.9	shimo_kitazawa
80000	0	3	4	19.44	12	1	1	1	0	1	6	2	0	160	4.9	shimo_kitazawa
82000	0	7	4	18.56	5	1	1	1	0	0	6	2	0	160	4.9	shimo_kitazawa
82000	0	10	4	23.36	25	1	1	1	0	1	6	2	0	160	4.9	shimo_kitazawa
88000	0	6	3	22.5	5	0	1	1	1	1	6	2	0	160	4.9	shimo_kitazawa
86000	0	2	4	13.2	5	0	1	0	0	0	6	2	0	160	4.9	shimo_kitazawa
95000	0	2	4	22.5	5	1	1	1	1	1	6	2	0	160	4.9	shimo_kitazawa
92000	0	8	4	24.22	2	0	1	0	1	1	6	2	0	160	4.9	shimo_kitazawa
90000	0	4	4	27.26	8	0	0	1	0	0	6	2	0	160	4.9	shimo_kitazawa
90000	0	4	4	24	13	0	0	1	0	1	6	2	0	160	4.9	shimo_kitazawa
95000	0	8	4	21.5	5	1	1	1	1	1	6	2	0	160	4.9	shimo_kitazawa
98000	0	8	4	25.87	3	0	1	1	1	1	6	2	0	160	4.9	shimo_kitazawa
77000	0	9	4	19.25	7	0	1	1	1	0	6	2	0	160	4.9	shimo_kitazawa
80000	0	6	2	14.74	8	0	1	0	0	0	6	2	0	160	4.9	shimo_kitazawa
89000	0	8	4	20.46	4	1	1	0	1	1	6	2	0	160	4.9	shimo_kitazawa
95000	0	8	4	23	3	0	1	1	1	1	6	2	0	160	4.9	shimo_kitazawa
67000	0	13	4	18	10	0	1	1	0	1	6	2	0	160	4.9	shimo_kitazawa
68000	0	8	3	17.9	9	1	1	1	0	1	6	2	0	160	4.9	shimo_kitazawa
70000	0	4	3	19.73	6	1	1	1	1	1	6	2	0	160	4.9	shimo_kitazawa
72000	0	9	4	18	6	1	1	1	0	1	6	2	0	160	4.9	shimo_kitazawa
70000	0	8	4	18.5	13	1	0	1	0	0	6	2	0	160	4.9	shimo_kitazawa
73000	0	8	4	18	7	1	1	1	0	1	6	2	0	160	4.9	shimo_kitazawa
75000	0	5	3	21.64	4	1	1	1	1	1	6	2	0	160	4.9	shimo_kitazawa
75000	0	10	4	18	5	1	1	1	1	1	6	2	0	160	4.9	shimo_kitazawa
75000	0	10	4	18.09	7	1	1	1	0	1	6	2	0	160	4.9	shimo_kitazawa
77000	0	7	4	16.12	3	0	1	1	0	1	6	2	0	160	4.9	shimo_kitazawa
80000	0	3	4	22	3	1	1	1	1	0	6	2	0	160	4.9	shimo_kitazawa
80000	0	7	3	22.89	5	1	1	1	1	1	6	2	0	160	4.9	shimo_kitazawa
83000	0	8	4	18.33	1	1	1	1	1	1	6	2	0	160	4.9	shimo_kitazawa
80000	0	7	4	18.63	6	1	1	1	1	1	6	2	0	160	4.9	shimo_kitazawa
82000	0	7	4	18.36	5	1	1	1	0	0	6	2	0	160	4.9	shimo_kitazawa
83000	0	8	4	18.72	2	1	1	1	1	0	6	2	0	160	4.9	shimo_kitazawa
84000	0	11	3	21.12	8	1	0	1	1	1	6	2	0	160	4.9	shimo_kitazawa
85500	0	10	4	19.8	5	1	1	1	1	0	6	2	0	160	4.9	shimo_kitazawa
86000	0	6	4	15.3	5	1	1	1	0	0	6	2	0	160	4.9	shimo_kitazawa
89000	0	10	4	21	3	1	1	1	1	1	6	2	0	160	4.9	shimo_kitazawa
89000	0	11	4	20.26	3	1	1	1	0	1	6	2	0	160	4.9	shimo_kitazawa
90000	0	4	4	22.43	3	1	1	1	1	1	6	2	0	160	4.9	shimo_kitazawa
90000	0	3	4	18.5	6	1	1	1	1	1	6	2	0	160	4.9	shimo_kitazawa
95000	0	7	4	27.14	6	1	1	1	1	1	6	2	0	160	4.9	shimo_kitazawa
97000	0	10	4	21.87	4	1	0	1	1	1	6	2	0	160	4.9	shimo_kitazawa
98000	0	8	4	27.33	4	1	1	1	0	0	6	2	0	160	4.9	shimo_kitazawa
107000	0	10	4	24.48	3	1	1	1	0	1	6	2	0	160	4.9	shimo_kitazawa
105000	0	1	4	28	13	1	1	1	0	1	6	2	0	160	4.9	shimo_kitazawa
135000	0	7	4	32.71	6	1	1	1	1	1	6	2	0	160	4.9	shimo_kitazawa
161000	0	5	4	32.72	4	1	1	1	0	1	6	2	0	160	4.9	shimo_kitazawa
150000	0	10	4	34.67	2	1	1	1	0	1	6	2	0	160	4.9	shimo_kitazawa
62500	0	7	4	16.52	12	0	0	0	1	0	6	2	0	160	4.9	shimo_kitazawa
67000	0	10	4	16.75	10	0	0	1	0	1	6	2	0	160	4.9	shimo_kitazawa
67500	0	10	4	18.64	15	1	1	1	0	1	6	2	0	160	4.9	shimo_kitazawa
70000	0	7	3	20	5	1	1	1	1	1	6	2	0	160	4.9	shimo_kitazawa
73000	0	10	4	18.52	15	1	0	1	0	1	6	2	0	160	4.9	shimo_kitazawa
73000	0	8	3	19	7	1	1	1	0	1	6	2	0	160	4.9	shimo_kitazawa
76000	0	7	4	17.39	5	1	1	1	1	1	6	2	0	160	4.9	shimo_kitazawa
77000	0	4	3	19.49	6	1	1	1	1	1	6	2	0	160	4.9	shimo_kitazawa
78000	0	7	4	21.77	3	1	1	1	1	1	6	2	0	160	4.9	shimo_kitazawa
85000	0	6	4	24.51	6	1	1	1	1	1	6	2	0	160	4.9	shimo_kitazawa
85000	0	6	4	21	0	1	1	1	1	0	6	2	0	160	4.9	shimo_kitazawa
88000	0	4	4	20.16	1	1	1	1	0	1	6	2	0	160	4.9	shimo_kitazawa
120000	0	3	4	14	4	1	1	1	1	1	6	2	0	160	4.9	shimo_kitazawa
80000	0	7	4	20	3	0	1	1	1	1	6	2	0	160	4.9	shimo_kitazawa
84000	0	5	3	23.72	4	1	1	1	1	1	6	2	0	160	4.9	shimo_kitazawa
60000	0	9	4	15.11	11	1	1	0	0	1	8	1	1	160	5.6	setagaya_daita
65000	0	4	4	16.64	9	1	0	1	0	1	8	1	1	160	5.6	setagaya_daita
68000	0	9	4	13.5	10	1	1	0	0	1	8	1	1	160	5.6	setagaya_daita
73000	0	5	4	17.6	0	0	1	0	1	0	8	1	1	160	5.6	setagaya_daita
75000	0	1	4	16	2	0	1	1	1	0	8	1	1	160	5.6	setagaya_daita
68000	0	9	3	13.5	10	1	1	0	0	1	8	1	1	160	5.6	setagaya_daita
76000	0	5	4	17.62	4	1	1	1	0	1	8	1	1	160	5.6	setagaya_daita
65000	0	9	3	13.5	10	1	1	0	0	1	8	1	1	160	5.6	setagaya_daita
67000	0	10	4	16.29	4	1	1	1	1	1	8	1	1	160	5.6	setagaya_daita
73000	0	2	4	15.67	8	1	0	1	0	1	8	1	1	160	5.6	setagaya_daita
75000	0	2	4	27.08	1	0	1	1	1	1	8	1	1	160	5.6	setagaya_daita
91000	0	3	3	30.88	9	1	0	0	0	1	8	1	1	160	5.6	setagaya_daita
74000	0	6	4	19.87	3	0	1	1	1	1	8	1	1	160	5.6	setagaya_daita
74000	0	6	4	19.87	3	1	1	1	1	1	8	1	1	160	5.6	setagaya_daita
72000	0	1	4	17.64	9	1	0	1	0	1	10	1	2	180	6.3	umegaoka
76000	0	1	4	17.5	10	1	1	1	0	1	10	1	2	180	6.3	umegaoka
78000	0	4	4	19.87	0	0	1	0	0	0	10	1	2	180	6.3	umegaoka
82000	0	3	4	20	0	1	1	1	1	0	10	1	2	180	6.3	umegaoka
95000	0	3	4	23	0	1	1	1	1	1	10	1	2	180	6.3	umegaoka
69000	0	10	4	16.29	3	1	1	1	1	1	10	1	2	180	6.3	umegaoka
73000	0	3	4	18	2	1	1	0	1	1	10	1	2	180	6.3	umegaoka
76000	0	1	4	18.72	8	1	1	1	1	1	10	1	2	180	6.3	umegaoka
78000	0	4	4	22.3	5	0	1	1	1	1	10	1	2	180	6.3	umegaoka
85000	0	1	4	28.99	0	0	1	1	1	0	10	1	2	180	6.3	umegaoka
97000	0	8	4	30.81	0	0	1	1	1	1	10	1	2	180	6.3	umegaoka
103000	0	8	4	30.81	0	1	1	1	1	1	10	1	2	180	6.3	umegaoka
103000	0	8	4	30.73	0	1	1	1	1	1	10	1	2	180	6.3	umegaoka
72000	0	3	4	17.4	3	1	1	1	1	1	10	1	2	180	6.3	umegaoka
74000	0	4	4	17.4	3	0	0	1	0	0	10	1	2	180	6.3	umegaoka
75000	0	8	4	17	1	1	1	1	1	0	10	1	2	180	6.3	umegaoka
67000	0	10	4	16.29	4	1	1	1	1	1	10	1	2	180	6.3	umegaoka
65000	0	2	4	19.76	8	0	1	0	0	1	10	1	2	180	6.3	umegaoka
70000	0	10	2	14	3	1	1	0	0	1	10	1	2	180	6.3	umegaoka
80000	0	3	4	20	0	0	1	1	1	0	10	1	2	180	6.3	umegaoka
85000	0	5	4	21	4	1	1	1	0	1	10	1	2	180	6.3	umegaoka
87000	0	3	4	23	0	1	1	1	1	1	10	1	2	180	6.3	umegaoka
70000	0	8	3	16	3	1	1	0	0	1	10	1	2	180	6.3	umegaoka
69000	0	8	3	24.75	13	1	1	1	1	1	11	2	3	180	7	gotokuji
62000	0	7	4	14.58	11	1	1	1	0	1	11	2	3	180	7	gotokuji
68000	0	8	3	18.24	5	1	1	1	0	1	11	2	3	180	7	gotokuji
76000	0	5	4	17.95	1	0	1	0	1	1	11	2	3	180	7	gotokuji
87600	0	5	4	16.74	4	1	1	0	0	1	11	2	3	180	7	gotokuji
85000	0	4	4	22.68	5	1	1	1	0	1	11	2	3	180	7	gotokuji
102000	0	2	4	27.22	0	1	1	0	1	1	11	2	3	180	7	gotokuji
55000	0	5	3	19	10	0	0	0	0	0	11	2	3	180	7	gotokuji
68000	0	8	3	18.87	5	1	1	1	0	1	11	2	3	180	7	gotokuji
73000	0	2	4	17	6	1	1	1	0	1	11	2	3	180	7	gotokuji
87000	0	3	4	26	5	1	1	1	0	1	11	2	3	180	7	gotokuji
110000	0	5	4.5	30.43	0	1	1	1	1	1	11	2	3	180	7	gotokuji
70000	0	2	4	17.55	8	0	1	0	0	1	11	2	3	180	7	gotokuji
80000	0	5	4.5	23	0	0	1	1	0	1	11	2	3	180	7	gotokuji
100000	0	3	4	24	6	1	1	1	1	1	11	2	3	180	7	gotokuji
60000	0	8	3	17.42	5	0	0	1	0	1	11	2	3	180	7	gotokuji
94000	0	2	4	25.89	0	1	1	0	1	1	11	2	3	180	7	gotokuji
97000	0	9	4	30.81	0	0	1	1	1	1	11	2	3	180	7	gotokuji
103000	0	9	4	30.81	0	1	1	1	1	1	11	2	3	180	7	gotokuji
68000	0	6	3	17.01	9	0	0	1	0	1	11	2	3	180	7	gotokuji
67000	0	2	4	22.3	5	0	1	1	1	1	11	2	3	180	7	gotokuji
75000	0	5	4	20	8	0	1	1	1	1	11	2	3	180	7	gotokuji
80000	0	9	4	24	6	1	1	1	1	1	11	2	3	180	7	gotokuji
58000	0	5	4	14.59	10	0	1	0	0	1	13	1	4	180	8	kyodo
59000	0	14	2	22	20	0	1	1	0	0	13	1	4	180	8	kyodo
60000	0	9	4	16.1	9	1	0	1	0	1	13	1	4	180	8	kyodo
65000	0	3	2	16.5	6	1	1	1	0	0	13	1	4	180	8	kyodo
75000	0	6	4	20.09	0	0	1	1	1	0	13	1	4	180	8	kyodo
76000	0	6	4	18	6	1	1	1	1	1	13	1	4	180	8	kyodo
85000	0	2	4	20.09	3	1	1	1	1	1	13	1	4	180	8	kyodo
88000	0	7	4	25.32	4	1	1	1	1	0	13	1	4	180	8	kyodo
87000	0	8	3	26.79	8	1	1	1	0	0	13	1	4	180	8	kyodo
80000	0	3	4	17.25	4	1	1	1	0	1	13	1	4	180	8	kyodo
112000	0	1	3	33.26	24	1	1	1	0	0	13	1	4	180	8	kyodo
55000	0	7	4	18	10	1	1	1	0	0	13	1	4	180	8	kyodo
66000	0	10	4	19.04	7	1	1	1	0	0	13	1	4	180	8	kyodo
70000	0	5	3	14.62	13	1	0	0	0	1	13	1	4	180	8	kyodo
67000	0	7	4	17.48	3	1	1	1	1	1	13	1	4	180	8	kyodo
69000	0	5	3	20	0	1	1	1	1	1	13	1	4	180	8	kyodo
73000	0	6	4	20	6	0	1	1	1	1	13	1	4	180	8	kyodo
77000	0	9	4	18	1	0	1	0	0	0	13	1	4	180	8	kyodo
74000	0	5	4	23.14	6	0	0	1	1	1	13	1	4	180	8	kyodo
75000	0	3	4	20	2	1	1	1	1	1	13	1	4	180	8	kyodo
75000	0	6	4	22	6	0	1	1	1	1	13	1	4	180	8	kyodo
95000	0	4	1	19	3	1	1	1	0	0	13	1	4	180	8	kyodo
52000	0	4	4	14.43	11	1	1	1	1	1	13	1	4	180	8	kyodo
60000	0	9	4	17	9	1	0	1	0	1	13	1	4	180	8	kyodo
62000	0	8	4	21.4	9	0	1	1	0	0	13	1	4	180	8	kyodo
69500	0	3	3	15.46	12	1	0	0	0	1	13	1	4	180	8	kyodo
65000	0	6	4	16.38	10	0	1	0	0	1	13	1	4	180	8	kyodo
67000	0	13	4	17.39	3	0	1	1	0	0	13	1	4	180	8	kyodo
67000	0	12	4	19.87	7	0	1	1	0	1	13	1	4	180	8	kyodo
73000	0	7	4	17.48	4	1	1	1	1	1	13	1	4	180	8	kyodo
73000	0	6	4	20.09	0	0	1	1	1	0	13	1	4	180	8	kyodo
74000	0	6	4	18.25	7	0	1	1	0	1	13	1	4	180	8	kyodo
73000	0	2	4	16.24	2	1	1	1	0	1	13	1	4	180	8	kyodo
83000	0	8	4	20.46	3	0	1	1	1	0	13	1	4	180	8	kyodo
83000	0	1	4	20.67	0	1	1	1	0	1	13	1	4	180	8	kyodo
84000	0	8	4	20.46	3	1	1	1	1	1	13	1	4	180	8	kyodo
83000	0	8	4	24.84	6	1	1	1	1	1	13	1	4	180	8	kyodo
85000	0	4	1	23	3	0	1	1	0	0	13	1	4	180	8	kyodo
70000	0	5	3	14.62	13	1	0	0	0	1	13	1	4	180	8	kyodo
67000	0	3	3	19.46	8	0	1	1	0	0	13	1	4	180	8	kyodo
75000	0	11	4	22.5	6	1	1	1	0	1	13	1	4	180	8	kyodo
61000	0	3	4	14.7	11	0	1	0	0	1	13	1	4	180	8	kyodo
61000	0	10	4	19.04	7	1	1	1	0	0	13	1	4	180	8	kyodo
68000	0	6	4	14.75	11	0	1	1	0	1	13	1	4	180	8	kyodo
62000	0	7	3	17.39	6	0	1	1	0	1	13	1	4	180	8	kyodo
63000	0	6	4	15	5	1	1	0	0	1	13	1	4	180	8	kyodo
68000	0	7	4	21	5	0	0	1	1	0	13	1	4	180	8	kyodo
80000	0	2	4	23	10	1	1	1	0	1	13	1	4	180	8	kyodo
80000	0	5	4	24.57	5	0	1	1	1	1	13	1	4	180	8	kyodo
64000	0	3	4	17.14	11	1	0	1	0	0	13	1	4	180	8	kyodo
64000	0	10	1	21.5	16	1	0	1	0	0	13	1	4	180	8	kyodo
81000	0	8	4	26.49	6	0	1	1	1	0	13	1	4	180	8	kyodo
82000	0	3	4	24.5	3	0	1	1	1	0	13	1	4	180	8	kyodo
54500	0	6	3	11.41	11	1	1	0	0	1	15	1	5	200	9.2	chitose_funabashi
75000	0	11	4	25.3	12	0	0	1	0	0	15	1	5	200	9.2	chitose_funabashi
62000	0	10	4	18.63	7	0	0	1	0	0	15	1	5	200	9.2	chitose_funabashi
60000	0	14	4	23	20	1	1	0	0	1	15	1	5	200	9.2	chitose_funabashi
64000	0	12	3	20	10	0	0	1	0	0	15	1	5	200	9.2	chitose_funabashi
65000	0	10	3	19	4	0	1	1	0	0	15	1	5	200	9.2	chitose_funabashi
68000	0	6	4	19.09	1	0	1	1	1	0	15	1	5	200	9.2	chitose_funabashi
71000	0	12	4	17.67	0	0	1	1	0	0	15	1	5	200	9.2	chitose_funabashi
66000	0	5	3	20	5	1	1	1	0	1	15	1	5	200	9.2	chitose_funabashi
70000	0	3	4	16.5	10	1	1	0	0	1	15	1	5	200	9.2	chitose_funabashi
74000	0	12	4	17.86	3	1	1	1	0	1	15	1	5	200	9.2	chitose_funabashi
75000	0	12	4	20.09	2	1	1	1	0	1	15	1	5	200	9.2	chitose_funabashi
75000	0	3	4	20	4	1	1	1	1	1	15	1	5	200	9.2	chitose_funabashi
98700	0	5	4	24.5	1	1	1	1	0	1	15	1	5	200	9.2	chitose_funabashi
88000	0	10	3	29	6	1	1	1	1	1	15	1	5	200	9.2	chitose_funabashi
69000	0	10	4	21	7	1	0	0	0	1	15	1	5	200	9.2	chitose_funabashi
72000	0	12	4	22.32	3	0	1	1	0	0	15	1	5	200	9.2	chitose_funabashi
73000	0	8	4	22.86	9	0	1	1	1	1	15	1	5	200	9.2	chitose_funabashi
98000	0	6	4	30	0	0	1	1	1	0	15	1	5	200	9.2	chitose_funabashi
70000	0	8	0	18	4	1	1	1	1	1	15	1	5	200	9.2	chitose_funabashi
60000	0	5	4	23.6	10	0	0	1	0	0	15	1	5	200	9.2	chitose_funabashi
65000	0	13	3	22.87	6	0	1	1	0	0	15	1	5	200	9.2	chitose_funabashi
65000	0	5	4	25	9	0	1	1	0	0	15	1	5	200	9.2	chitose_funabashi
68000	0	6	4	20.09	7	1	0	1	0	1	15	1	5	200	9.2	chitose_funabashi
74000	0	4	4	19.87	4	1	1	0	0	0	15	1	5	200	9.2	chitose_funabashi
80000	0	7	4	27.6	5	1	1	0	1	1	15	1	5	200	9.2	chitose_funabashi
103500	0	8	4	31.67	5	1	1	1	1	1	15	1	5	200	9.2	chitose_funabashi
52500	0	6	3	10.94	11	1	1	0	0	1	15	1	5	200	9.2	chitose_funabashi
52000	0	5	4	16.34	6	0	1	1	1	1	15	1	5	200	9.2	chitose_funabashi
79000	0	1	2	19	3	1	1	1	0	1	15	1	5	200	9.2	chitose_funabashi
80000	0	7	3	22	3	1	0	1	1	1	15	1	5	200	9.2	chitose_funabashi
67000	0	2	4	21.06	10	1	0	1	0	1	15	1	5	200	9.2	chitose_funabashi
68000	0	4	4	18	4	1	1	1	1	1	15	1	5	200	9.2	chitose_funabashi
75000	0	5	4	20.46	4	1	0	1	1	1	15	1	5	200	9.2	chitose_funabashi
75000	0	2	4	18.7	0	1	1	1	1	0	15	1	5	200	9.2	chitose_funabashi
80000	0	7	4	27.6	5	1	1	0	1	1	15	1	5	200	9.2	chitose_funabashi
57000	0	10	2	20.28	15	1	0	1	0	1	17	1	6	200	10.6	soshigaya_okura
65500	0	10	1	20	8	1	0	1	0	0	17	1	6	200	10.6	soshigaya_okura
66000	0	3	0.4	19	5	0	1	1	1	0	17	1	6	200	10.6	soshigaya_okura
70500	0	15	4	19.87	5	1	1	1	1	1	17	1	6	200	10.6	soshigaya_okura
68000	0	18	4	16.92	8	1	1	0	1	1	17	1	6	200	10.6	soshigaya_okura
70000	0	5	4	24	6	0	0	1	0	0	17	1	6	200	10.6	soshigaya_okura
72000	0	8	4	17.2	0	0	1	1	1	0	17	1	6	200	10.6	soshigaya_okura
72000	0	7	3	21.64	7	0	1	1	1	1	17	1	6	200	10.6	soshigaya_okura
75000	0	4	4	19.25	4	1	1	1	0	1	17	1	6	200	10.6	soshigaya_okura
75000	0	18	4	29.51	6	0	1	1	1	1	17	1	6	200	10.6	soshigaya_okura
78000	0	8	3	23.44	3	0	1	1	1	0	17	1	6	200	10.6	soshigaya_okura
75000	0	8	2	19	3	0	1	1	1	1	17	1	6	200	10.6	soshigaya_okura
73000	0	11	4	20.09	2	0	1	0	1	0	17	1	6	200	10.6	soshigaya_okura
80000	0	5	4	21.09	4	1	1	1	0	1	17	1	6	200	10.6	soshigaya_okura
82000	0	10	4	22.09	4	0	1	1	1	1	17	1	6	200	10.6	soshigaya_okura
90000	0	5	4	27	7	1	1	1	1	1	17	1	6	200	10.6	soshigaya_okura
90000	0	5	3	24.09	1	1	1	1	1	1	17	1	6	200	10.6	soshigaya_okura
90000	0	8	4	34.78	1	0	1	0	1	1	17	1	6	200	10.6	soshigaya_okura
95000	0	15	3	32.29	5	1	1	1	1	1	17	1	6	200	10.6	soshigaya_okura
63000	0	10	4	14.47	4	1	1	0	0	0	17	1	6	200	10.6	soshigaya_okura
64000	0	12	4	16.76	8	0	1	0	0	1	17	1	6	200	10.6	soshigaya_okura
65000	0	14	4	17.7	4	0	1	1	1	1	17	1	6	200	10.6	soshigaya_okura
67000	0	1	4	19	5	1	1	1	0	0	17	1	6	200	10.6	soshigaya_okura
72000	0	13	4	23.59	6	1	1	1	1	0	17	1	6	200	10.6	soshigaya_okura
73000	0	8	3	24	4	1	1	0	1	0	17	1	6	200	10.6	soshigaya_okura
75000	0	7	4	23.14	7	0	1	1	1	0	17	1	6	200	10.6	soshigaya_okura
62000	0	15	4	17.39	6	0	1	1	0	0	17	1	6	200	10.6	soshigaya_okura
66000	0	4	3	17.16	9	1	1	1	0	1	17	1	6	200	10.6	soshigaya_okura
74000	0	7	4	21.87	10	1	1	1	0	1	17	1	6	200	10.6	soshigaya_okura
88000	0	3	3	24.49	4	0	1	0	1	1	17	1	6	200	10.6	soshigaya_okura
90000	0	3	4	24.09	1	1	1	1	1	1	17	1	6	200	10.6	soshigaya_okura
60000	0	8	4	17.95	9	1	0	1	0	1	17	1	6	200	10.6	soshigaya_okura
80000	0	12	4	21.5	3	0	1	1	1	0	17	1	6	200	10.6	soshigaya_okura
56500	0	4	3	16	8	1	1	1	0	1	17	1	6	200	10.6	soshigaya_okura
59000	0	7	4	21	13	0	0	1	0	1	17	1	6	200	10.6	soshigaya_okura
62000	0	11	4	15.2	5	1	1	0	1	1	17	1	6	200	10.6	soshigaya_okura
70000	0	8	4	16.47	4	0	1	1	1	1	17	1	6	200	10.6	soshigaya_okura
70000	0	7	4	17.35	5	1	1	1	1	0	17	1	6	200	10.6	soshigaya_okura
76000	0	7	4	21.87	10	1	1	1	0	1	17	1	6	200	10.6	soshigaya_okura
165000	0	10	4	45.95	3	1	1	1	0	1	17	1	6	200	10.6	soshigaya_okura
61000	0	3	3	19.87	7	0	1	1	0	0	17	1	6	200	10.6	soshigaya_okura
67000	0	8	2	32	12	0	0	1	0	0	17	1	6	200	10.6	soshigaya_okura
68000	0	8	4	16.47	4	0	1	1	1	1	17	1	6	200	10.6	soshigaya_okura
75000	0	2	3	16.74	3	1	1	1	0	0	17	1	6	200	10.6	soshigaya_okura
76000	0	7	4	21.87	10	1	1	1	0	1	17	1	6	200	10.6	soshigaya_okura
96000	0	13	4	27.31	3	1	1	1	0	0	17	1	6	200	10.6	soshigaya_okura
160000	0	10	4	40.15	4	1	1	1	0	0	17	1	6	200	10.6	soshigaya_okura
50000	0	16	2	16.2	10	0	0	1	0	0	14	1	0	200	11.6	seijo_gakuen_mae
57000	0	15	3	18.63	10	1	0	1	0	0	14	1	0	200	11.6	seijo_gakuen_mae
64000	0	4	2	15.15	10	1	1	0	0	1	14	1	0	200	11.6	seijo_gakuen_mae
68200	0	2	2	14.04	10	1	1	0	0	1	14	1	0	200	11.6	seijo_gakuen_mae
72200	0	2	1	14.04	11	0	1	1	0	1	14	1	0	200	11.6	seijo_gakuen_mae
62000	0	7	3	16.16	7	0	0	0	0	0	14	1	0	200	11.6	seijo_gakuen_mae
65000	0	12	4	19	6	1	1	1	1	1	14	1	0	200	11.6	seijo_gakuen_mae
65000	0	2	4	18	11	1	1	0	0	1	14	1	0	200	11.6	seijo_gakuen_mae
69000	0	5	4	23	13	0	1	1	0	1	14	1	0	200	11.6	seijo_gakuen_mae
72000	0	10	4	19.87	4	1	1	1	1	1	14	1	0	200	11.6	seijo_gakuen_mae
77000	0	8	4	18	4	1	1	1	1	1	14	1	0	200	11.6	seijo_gakuen_mae
80000	0	2	4	20.09	7	1	0	1	0	1	14	1	0	200	11.6	seijo_gakuen_mae
80000	0	15	4	18	4	1	1	0	1	1	14	1	0	200	11.6	seijo_gakuen_mae
90000	0	8	2	23	2	0	1	0	0	0	14	1	0	200	11.6	seijo_gakuen_mae
115000	0	10	3	31.2	6	1	1	1	0	1	14	1	0	200	11.6	seijo_gakuen_mae
60000	0	15	3	18.63	10	0	1	1	0	0	14	1	0	200	11.6	seijo_gakuen_mae
68000	0	2	3	13.8	11	1	0	0	0	1	14	1	0	200	11.6	seijo_gakuen_mae
65000	0	2	2	16.6	7	1	1	1	0	1	14	1	0	200	11.6	seijo_gakuen_mae
76000	8	2	3	22.41	8	0	1	1	0	1	14	1	0	200	11.6	seijo_gakuen_mae
63000	0	14	4	16	4	1	1	0	0	1	14	1	0	200	11.6	seijo_gakuen_mae
64000	0	15	2	20.46	2	0	1	1	0	0	14	1	0	200	11.6	seijo_gakuen_mae
68000	0	2	2	14.37	11	1	1	0	0	1	14	1	0	200	11.6	seijo_gakuen_mae
66000	0	8	2	20.28	10	0	1	1	0	0	14	1	0	200	11.6	seijo_gakuen_mae
69000	0	13	3	22.77	2	1	1	1	0	1	14	1	0	200	11.6	seijo_gakuen_mae
71000	0	2	4	14.03	11	1	1	1	0	1	14	1	0	200	11.6	seijo_gakuen_mae
77000	0	2	4	20.09	7	0	0	1	0	1	14	1	0	200	11.6	seijo_gakuen_mae
164000	0	3	5	50.25	10	1	0	1	0	1	14	1	0	200	11.6	seijo_gakuen_mae
180000	0	18	6	56.88	7	1	1	1	0	1	14	1	0	200	11.6	seijo_gakuen_mae
68200	0	2	3	14.03	10	0	1	0	0	1	14	1	0	200	11.6	seijo_gakuen_mae
72000	0	2	4	17.39	4	0	1	1	1	0	14	1	0	200	11.6	seijo_gakuen_mae
66200	0	2	4	14.04	11	1	1	1	0	1	14	1	0	200	11.6	seijo_gakuen_mae
70000	0	2	3	14.03	11	1	1	1	0	1	14	1	0	200	11.6	seijo_gakuen_mae
68000	0	6	4	22.8	11	1	0	1	0	1	14	1	0	200	11.6	seijo_gakuen_mae
74000	0	10	2	16.47	3	1	1	1	1	1	14	1	0	200	11.6	seijo_gakuen_mae
82000	0	5	4	20	4	1	1	1	1	1	14	1	0	200	11.6	seijo_gakuen_mae
90000	0	7	4	24.24	6	1	1	1	1	1	14	1	0	200	11.6	seijo_gakuen_mae
92000	0	10	4	28	2	1	1	1	1	0	14	1	0	200	11.6	seijo_gakuen_mae
94000	0	4	2	22.74	10	1	1	0	0	1	14	1	0	200	11.6	seijo_gakuen_mae
70000	0	10	3	24.9	6	1	1	1	0	1	14	1	0	200	11.6	seijo_gakuen_mae
76000	15	1	3	31	7	1	0	1	1	1	14	1	0	200	11.6	seijo_gakuen_mae
53000	0	17	4	20	8	1	0	1	0	0	15	1	1	200	12.7	kitami
54000	0	12	3	19	6	0	0	0	0	0	15	1	1	200	12.7	kitami
55000	0	10	2	19.86	16	1	1	1	0	0	15	1	1	200	12.7	kitami
54000	0	5	3	20	10	0	0	1	0	0	15	1	1	200	12.7	kitami
57000	0	8	4	17.95	7	1	1	1	0	1	15	1	1	200	12.7	kitami
56000	0	8	4	17.87	4	0	0	0	1	1	15	1	1	200	12.7	kitami
58000	0	4	4	18.5	3	1	1	1	0	1	15	1	1	200	12.7	kitami
61000	0	12	2	18.94	0	1	1	1	1	1	15	1	1	200	12.7	kitami
63000	0	7	4	16	5	1	1	1	0	0	15	1	1	200	12.7	kitami
62000	0	12	2	19.76	0	1	1	1	1	1	15	1	1	200	12.7	kitami
66000	0	13	3	19.8	10	0	1	1	0	1	15	1	1	200	12.7	kitami
68000	0	3	3	18.08	4	0	1	0	1	0	15	1	1	200	12.7	kitami
70000	0	12	4	20.07	4	1	0	0	1	1	15	1	1	200	12.7	kitami
71000	0	6	4	23	3	0	1	0	0	1	15	1	1	200	12.7	kitami
67000	0	7	3	23	11	0	1	1	0	0	15	1	1	200	12.7	kitami
72000	0	5	4	17.39	1	1	1	1	1	1	15	1	1	200	12.7	kitami
74000	0	5	4	19.87	7	1	1	1	1	1	15	1	1	200	12.7	kitami
69500	0	2	2	18.04	7	1	1	1	0	1	15	1	1	200	12.7	kitami
67000	0	6	3	23	3	0	1	1	0	1	15	1	1	200	12.7	kitami
44000	0	12	2	24.33	20	1	0	1	0	0	15	1	1	200	12.7	kitami
50000	0	20	2	24	15	1	0	1	0	1	15	1	1	200	12.7	kitami
60000	0	10	3	20.56	10	1	1	1	0	1	15	1	1	200	12.7	kitami
66000	0	10	4	19.96	2	0	1	1	0	1	15	1	1	200	12.7	kitami
65000	0	5	4	20.46	2	0	1	1	1	0	15	1	1	200	12.7	kitami
67000	0	6	3	23	3	0	1	1	0	1	15	1	1	200	12.7	kitami
68000	0	16	4	24.12	0	1	1	1	1	1	15	1	1	200	12.7	kitami
68000	0	3	3	20	5	0	1	1	1	0	15	1	1	200	12.7	kitami
70000	0	5	3	18.22	4	1	1	1	1	0	15	1	1	200	12.7	kitami
51000	0	15	2	23.36	17	1	1	1	0	0	15	1	1	200	12.7	kitami
70000	0	5	3	21.92	9	1	1	1	0	1	15	1	1	200	12.7	kitami
67000	0	9	3	22	6	0	1	1	0	0	15	1	1	200	12.7	kitami
70000	0	12	4	23.77	4	0	1	1	1	1	15	1	1	200	12.7	kitami
66000	0	10	4	19.96	2	0	1	1	0	1	15	1	1	200	12.7	kitami
65000	0	8	2	22	5	1	1	1	1	1	15	1	1	200	12.7	kitami
70000	0	5	4	19.87	7	0	1	1	1	1	15	1	1	200	12.7	kitami
79000	0	5	2	24.8	4	1	1	1	1	0	15	1	1	200	12.7	kitami
57000	0	10	1	23.89	12	1	1	1	0	0	15	1	1	200	12.7	kitami
57000	0	6	2	22.27	15	1	1	1	0	0	15	1	1	200	12.7	kitami
62000	0	2	4	19.6	11	0	1	1	0	0	15	1	1	200	12.7	kitami
61000	0	12	2	28.98	15	1	0	1	1	1	15	1	1	200	12.7	kitami
46000	0	16	2	24.3	14	0	0	1	0	0	17	1	2	230	13.8	komae
49000	0	14	2	10.2	6	1	1	1	1	1	17	1	2	230	13.8	komae
52000	0	15	2	17.95	8	0	0	1	0	0	17	1	2	230	13.8	komae
51000	0	14	2	22.68	13	1	1	1	0	1	17	1	2	230	13.8	komae
52000	0	12	2	12.83	5	0	1	0	1	1	17	1	2	230	13.8	komae
51000	0	13	3	20.57	9	0	1	1	0	0	17	1	2	230	13.8	komae
55000	15	2	4	20.46	5	1	1	1	0	1	17	1	2	230	13.8	komae
56000	0	5	2	10	4	0	1	1	1	0	17	1	2	230	13.8	komae
61500	0	9	4	18.69	9	0	1	0	0	1	17	1	2	230	13.8	komae
60000	0	6	4	20.46	6	0	0	1	0	0	17	1	2	230	13.8	komae
60000	0	6	4	19	10	1	0	0	0	1	17	1	2	230	13.8	komae
61000	0	16	4	22.77	0	0	1	1	1	0	17	1	2	230	13.8	komae
59000	0	8	3	22.33	7	1	1	0	0	1	17	1	2	230	13.8	komae
62000	0	15	3	17.76	3	0	1	1	1	1	17	1	2	230	13.8	komae
66000	0	5	4	16.74	0	0	1	1	1	0	17	1	2	230	13.8	komae
64000	0	7	3	18.36	1	0	1	1	1	0	17	1	2	230	13.8	komae
67000	0	5	4	16.74	0	0	1	1	1	0	17	1	2	230	13.8	komae
67000	0	7	4	19.87	2	0	1	0	0	0	17	1	2	230	13.8	komae
68000	0	5	4	16.74	0	1	1	1	1	1	17	1	2	230	13.8	komae
67000	0	1	3	18.35	7	1	1	1	1	1	17	1	2	230	13.8	komae
72000	0	6	4	20.93	4	0	1	0	1	1	17	1	2	230	13.8	komae
70000	0	6	2	23.77	4	1	0	1	0	1	17	1	2	230	13.8	komae
75000	0	3	4	23	4	1	1	1	1	1	17	1	2	230	13.8	komae
82000	0	5	3	26.4	5	1	1	1	0	1	17	1	2	230	13.8	komae
86000	0	4	4	22.95	1	1	1	0	1	1	17	1	2	230	13.8	komae
95000	0	9	4	24	2	0	1	0	0	1	17	1	2	230	13.8	komae
50000	0	15	2	11.58	6	1	1	1	1	0	17	1	2	230	13.8	komae
65000	0	3	4	21.43	4	0	1	1	1	0	17	1	2	230	13.8	komae
79000	0	5	3	26.4	5	0	1	1	0	1	17	1	2	230	13.8	komae
52000	0	15	2	12.09	6	1	1	1	1	1	17	1	2	230	13.8	komae
51000	0	8	2	22.68	7	0	1	1	0	0	17	1	2	230	13.8	komae
51000	0	9	1	14.31	18	1	1	1	1	0	17	1	2	230	13.8	komae
53000	0	13	3	20.57	9	1	1	1	0	0	17	1	2	230	13.8	komae
52000	0	7	2	19.87	12	1	0	1	0	0	17	1	2	230	13.8	komae
54000	0	7	4	17.71	7	0	1	1	1	0	17	1	2	230	13.8	komae
56000	0	5	3	22.68	11	1	1	1	0	1	17	1	2	230	13.8	komae
59000	0	5	2	16	5	1	1	1	0	0	17	1	2	230	13.8	komae
59000	0	13	3	17.35	7	1	1	1	1	1	17	1	2	230	13.8	komae
62000	0	8	2	20.69	8	0	1	1	0	0	17	1	2	230	13.8	komae
61000	0	15	2	20.24	6	1	1	1	0	1	17	1	2	230	13.8	komae
68000	0	12	3	23.77	3	1	1	1	0	1	17	1	2	230	13.8	komae
72000	0	9	2	26.49	3	0	1	1	0	1	17	1	2	230	13.8	komae
72000	0	6	4	23.25	4	0	1	1	1	0	17	1	2	230	13.8	komae
46000	0	8	2	18.21	22	0	1	1	1	0	17	1	2	230	13.8	komae
61000	0	20	2	20.24	6	1	1	1	0	1	17	1	2	230	13.8	komae
62000	0	12	4	20.46	7	0	0	1	0	1	17	1	2	230	13.8	komae
72400	0	5	4	21.53	0	0	1	1	1	0	17	1	2	230	13.8	komae
52000	0	15	2	11.58	6	1	1	1	1	0	17	1	2	230	13.8	komae
60000	0	4	2	13.29	10	1	0	0	0	1	17	1	2	230	13.8	komae
62000	0	5	2	18.08	8	1	0	1	0	1	17	1	2	230	13.8	komae
55000	0	10	2	12.4	6	1	1	0	1	0	18	1	3	230	14.4	izumi_tamagawa
56000	0	6	2	24.84	10	0	0	1	0	0	18	1	3	230	14.4	izumi_tamagawa
63000	0	3	2	21.51	3	0	0	1	0	0	18	1	3	230	14.4	izumi_tamagawa
61000	0	7	3	18.6	4	1	1	0	1	0	18	1	3	230	14.4	izumi_tamagawa
64000	0	8	4	20.09	0	0	1	1	0	1	18	1	3	230	14.4	izumi_tamagawa
60500	0	5	2	23.77	10	0	0	0	0	1	18	1	3	230	14.4	izumi_tamagawa
66000	0	4	4	17.14	8	1	0	1	1	1	18	1	3	230	14.4	izumi_tamagawa
65000	0	7	3	20	4	0	1	0	1	0	18	1	3	230	14.4	izumi_tamagawa
73000	0	1	2	24.3	9	0	1	1	0	1	18	1	3	230	14.4	izumi_tamagawa
75000	0	9	2	26.49	3	0	1	1	0	1	18	1	3	230	14.4	izumi_tamagawa
92000	0	1	4	29.3	1	0	1	1	1	1	18	1	3	230	14.4	izumi_tamagawa
59000	0	10	2	19.83	6	1	0	1	1	1	18	1	3	230	14.4	izumi_tamagawa
66000	0	8	4	20.09	0	1	1	1	0	0	18	1	3	230	14.4	izumi_tamagawa
68000	0	2	3	20.6	5	0	1	1	1	1	18	1	3	230	14.4	izumi_tamagawa
97000	0	3	4	27.22	2	1	1	1	1	1	18	1	3	230	14.4	izumi_tamagawa
56000	0	15	2	22.68	13	1	1	1	0	1	18	1	3	230	14.4	izumi_tamagawa
53000	0	4	2	22	10	1	1	1	0	0	18	1	3	230	14.4	izumi_tamagawa
55000	0	15	2	19.44	11	1	0	1	0	0	18	1	3	230	14.4	izumi_tamagawa
59000	0	7	3	18.6	4	0	1	0	1	0	18	1	3	230	14.4	izumi_tamagawa
66000	0	6	2	23.18	4	1	1	1	1	0	18	1	3	230	14.4	izumi_tamagawa
89000	0	2	3	29.1	2	1	1	1	1	1	18	1	3	230	14.4	izumi_tamagawa
60000	0	8	2	17.01	3	1	1	1	1	0	18	1	3	230	14.4	izumi_tamagawa
62000	0	12	1	19.8	7	0	1	0	1	0	18	1	3	230	14.4	izumi_tamagawa
65000	0	1	2	13	4	1	1	1	1	0	18	1	3	230	14.4	izumi_tamagawa
69000	0	3	3	19.91	6	1	1	1	1	1	18	1	3	230	14.4	izumi_tamagawa
85000	0	3	4	27.22	2	0	1	1	1	1	18	1	3	230	14.4	izumi_tamagawa
55000	0	10	2	12.4	6	1	1	0	1	0	18	1	3	230	14.4	izumi_tamagawa
57000	0	5	3	21.18	9	0	0	0	0	0	18	2	0	230	15.2	noborito
63000	0	5	3	23.1	6	0	0	0	0	1	18	2	0	230	15.2	noborito
68000	0	4	2	18.43	3	1	1	0	1	1	18	2	0	230	15.2	noborito
65500	0	8	4	20	9	0	1	1	1	1	18	2	0	230	15.2	noborito
69000	0	9	4	19.5	2	1	1	1	0	1	18	2	0	230	15.2	noborito
47500	0	8	2	23.18	14	1	0	1	0	1	18	2	0	230	15.2	noborito
64000	0	9	4	20.71	0	0	1	1	0	1	18	2	0	230	15.2	noborito
49000	0	6	2	19.61	11	1	0	1	0	1	18	2	0	230	15.2	noborito
63000	0	3	4	16.35	1	1	1	1	1	1	18	2	0	230	15.2	noborito
72000	0	3	4	17.5	3	1	1	1	0	1	18	2	0	230	15.2	noborito
60000	0	10	4	16.74	2	1	1	1	1	1	18	2	0	230	15.2	noborito
68000	0	6	4	24.94	9	0	0	1	1	1	18	2	0	230	15.2	noborito
55000	0	13	4	17.85	1	0	1	1	1	0	18	2	0	230	15.2	noborito
52000	0	8	2	24.83	15	1	0	1	0	1	18	2	0	230	15.2	noborito
55000	0	10	4	16.74	2	0	1	1	1	1	18	2	0	230	15.2	noborito
62000	0	8	2	19.8	7	1	1	0	0	0	18	2	0	230	15.2	noborito
49000	13	1	4	21	2	0	1	1	0	0	19	1	0	230	15.8	mukogaoka_yuen
50500	0	10	3	21	8	0	0	1	0	0	19	1	0	230	15.8	mukogaoka_yuen
52000	0	8	2	15.75	10	1	1	0	0	0	19	1	0	230	15.8	mukogaoka_yuen
58000	0	13	3	18.18	13	0	1	0	0	0	19	1	0	230	15.8	mukogaoka_yuen
60000	0	2	4	16	3	0	1	0	0	0	19	1	0	230	15.8	mukogaoka_yuen
59000	0	14	2	18.77	7	0	1	1	0	0	19	1	0	230	15.8	mukogaoka_yuen
60000	0	5	2	20.32	8	0	1	1	0	0	19	1	0	230	15.8	mukogaoka_yuen
62000	0	8	4	18.63	2	0	1	0	0	0	19	1	0	230	15.8	mukogaoka_yuen
62000	0	11	3	19.41	4	1	1	0	0	1	19	1	0	230	15.8	mukogaoka_yuen
62000	0	2	2	15.75	8	0	1	1	1	0	19	1	0	230	15.8	mukogaoka_yuen
64000	0	15	4	23.25	0	0	1	0	1	1	19	1	0	230	15.8	mukogaoka_yuen
64500	0	9	2	17.42	2	1	1	1	1	1	19	1	0	230	15.8	mukogaoka_yuen
49000	6	1	3	24.84	8	1	1	1	1	1	19	1	0	230	15.8	mukogaoka_yuen
53500	0	19	4	24.45	7	1	0	0	0	1	19	1	0	230	15.8	mukogaoka_yuen
57000	0	11	2	19.41	4	1	1	1	1	1	19	1	0	230	15.8	mukogaoka_yuen
60000	0	11	2	19.41	4	1	1	0	0	1	19	1	0	230	15.8	mukogaoka_yuen
60000	0	11	2	19.41	4	1	1	1	1	1	19	1	0	230	15.8	mukogaoka_yuen
59000	0	3	2	18	11	0	1	1	0	0	19	1	0	230	15.8	mukogaoka_yuen
58000	0	9	2	16.95	4	1	1	0	0	1	19	1	0	230	15.8	mukogaoka_yuen
60000	0	6	2	17.59	4	1	1	1	0	1	19	1	0	230	15.8	mukogaoka_yuen
65500	0	9	2	17.42	2	1	1	1	1	1	19	1	0	230	15.8	mukogaoka_yuen
70000	0	13	3	19.6	0	1	1	1	1	0	19	1	0	230	15.8	mukogaoka_yuen
57000	0	4	2	21.39	9	0	1	1	0	0	19	1	0	230	15.8	mukogaoka_yuen
56000	0	12	3	20.46	5	0	1	1	0	1	19	1	0	230	15.8	mukogaoka_yuen
58000	0	5	2	20.32	8	0	1	1	0	0	19	1	0	230	15.8	mukogaoka_yuen
59500	0	13	3	23.77	4	1	1	1	0	1	19	1	0	230	15.8	mukogaoka_yuen
61000	0	10	4	18.84	1	0	1	1	1	0	19	1	0	230	15.8	mukogaoka_yuen
63000	0	9	3	20.07	0	0	1	1	1	1	19	1	0	230	15.8	mukogaoka_yuen
61500	0	8	3	23.77	3	0	1	1	0	1	19	1	0	230	15.8	mukogaoka_yuen
65000	0	7	4	18.61	2	0	1	1	0	1	19	1	0	230	15.8	mukogaoka_yuen
68000	0	4	4	23	0	1	1	1	1	1	19	1	0	230	15.8	mukogaoka_yuen
65000	0	3	3	21.08	8	0	1	1	0	1	19	1	0	230	15.8	mukogaoka_yuen
70000	0	4	4	23	0	1	1	1	1	1	19	1	0	230	15.8	mukogaoka_yuen
71000	0	9	2	23.66	7	1	1	1	1	1	19	1	0	230	15.8	mukogaoka_yuen
74000	0	4	4	23.33	0	1	1	1	1	1	19	1	0	230	15.8	mukogaoka_yuen
77000	0	6	3	23.07	0	0	1	1	1	0	19	1	0	230	15.8	mukogaoka_yuen
79000	0	6	3	23.12	0	1	1	1	1	1	19	1	0	230	15.8	mukogaoka_yuen
51000	0	18	2	21.39	6	1	0	1	0	1	19	1	0	230	15.8	mukogaoka_yuen
66000	0	3	4	16.2	2	1	1	1	1	1	19	1	0	230	15.8	mukogaoka_yuen
68000	0	4	4	22.35	0	1	1	1	1	1	19	1	0	230	15.8	mukogaoka_yuen
67000	0	8	2	20.46	1	1	1	1	0	1	19	1	0	230	15.8	mukogaoka_yuen
70000	0	4	4	22.67	0	1	1	1	1	1	19	1	0	230	15.8	mukogaoka_yuen
70000	0	8	2	23.8	6	1	1	1	1	1	19	1	0	230	15.8	mukogaoka_yuen
47500	0	3	2	12	6	1	1	0	1	0	21	1	1	260	17.9	ikuta
55000	0	7	2	17.16	6	0	1	1	0	1	21	1	1	260	17.9	ikuta
57000	0	9	2	17.15	5	0	1	1	0	1	21	1	1	260	17.9	ikuta
60000	0	15	2	22.2	1	0	0	1	1	1	21	1	1	260	17.9	ikuta
60000	0	9	2	17.15	5	1	1	1	0	1	21	1	1	260	17.9	ikuta
65000	0	3	2	19.39	0	1	1	1	1	1	21	1	1	260	17.9	ikuta
55000	0	6	4	14.7	10	1	1	1	1	0	21	1	1	260	17.9	ikuta
60000	0	15	2	23.8	8	1	1	1	1	1	21	1	1	260	17.9	ikuta
61000	0	15	2	22.2	1	1	0	1	1	1	21	1	1	260	17.9	ikuta
62000	0	7	3	20.46	3	0	1	1	0	1	21	1	1	260	17.9	ikuta
50000	0	7	2	17	10	1	1	0	0	1	21	1	1	260	17.9	ikuta
57000	0	9	2	19.25	2	0	1	1	0	0	21	1	1	260	17.9	ikuta
58000	0	7	2	13.86	5	0	1	0	1	0	21	1	1	260	17.9	ikuta
58000	0	10	2.5	17.36	7	1	1	1	0	1	21	1	1	260	17.9	ikuta
48000	0	5	2	18	10	1	1	0	0	1	23	1	2	260	19.2	yomiuri_land_mae
48000	0	10	2	14.47	5	0	1	1	1	1	23	1	2	260	19.2	yomiuri_land_mae
49000	0	8	3	16.2	3	1	1	1	1	1	23	1	2	260	19.2	yomiuri_land_mae
50000	0	4	4	19.26	6	0	1	1	0	1	23	1	2	260	19.2	yomiuri_land_mae
55000	0	9	2	17.58	4	0	0	1	0	0	23	1	2	260	19.2	yomiuri_land_mae
56000	0	8	2	20.26	2	0	0	1	1	1	23	1	2	260	19.2	yomiuri_land_mae
53000	0	12	2	16.8	3	1	1	0	1	0	23	1	2	260	19.2	yomiuri_land_mae
63000	0	6	4	20.3	7	0	1	1	1	1	23	1	2	260	19.2	yomiuri_land_mae
59000	0	15	2	17.23	4	1	1	0	1	1	23	1	2	260	19.2	yomiuri_land_mae
58000	0	6	2	16.8	8	0	0	0	0	0	23	1	2	260	19.2	yomiuri_land_mae
65000	0	6	4	20.3	7	1	1	0	0	1	23	1	2	260	19.2	yomiuri_land_mae
64000	0	5	2	22.5	2	0	1	0	0	1	23	1	2	260	19.2	yomiuri_land_mae
54000	0	10	3	18.27	5	0	1	1	0	1	23	1	2	260	19.2	yomiuri_land_mae
60000	0	10	2	15.84	1	1	1	1	1	0	23	1	2	260	19.2	yomiuri_land_mae
52000	0	11	2	18.84	7	1	0	1	0	0	23	1	2	260	19.2	yomiuri_land_mae
60000	0	15	2	17.23	4	1	1	0	1	1	23	1	2	260	19.2	yomiuri_land_mae
62000	0	2	4	19	4	1	0	1	0	1	23	1	2	260	19.2	yomiuri_land_mae
58000	0	7	4	18.04	4	1	1	1	1	1	23	1	2	260	19.2	yomiuri_land_mae
63000	0	6	3	17	9	1	1	1	0	0	23	1	2	260	19.2	yomiuri_land_mae
42000	0	11	3	17.52	5	1	1	1	0	1	23	1	2	260	19.2	yomiuri_land_mae
60000	0	6	4	20.3	7	0	1	1	0	1	23	1	2	260	19.2	yomiuri_land_mae
63000	0	6	3	17	9	1	1	1	0	0	23	1	2	260	19.2	yomiuri_land_mae
62000	0	6	4	20.3	7	1	1	1	0	1	23	1	2	260	19.2	yomiuri_land_mae
36000	0	12	2	10.3	6	0	1	0	0	0	25	1	3	260	20.5	yurigaoka
40000	0	12	2	10.3	6	1	1	0	0	0	25	1	3	260	20.5	yurigaoka
40000	0	20	2	13.5	6	0	1	0	1	1	25	1	3	260	20.5	yurigaoka
47000	0	5	4	19	6	0	1	1	0	0	25	1	3	260	20.5	yurigaoka
53000	0	13	3	16.38	5	1	1	0	1	1	25	1	3	260	20.5	yurigaoka
62900	0	4	2	16.56	9	0	1	0	0	1	25	1	3	260	20.5	yurigaoka
59000	0	8	3	17.48	6	1	1	1	1	1	25	1	3	260	20.5	yurigaoka
63000	0	7	3	21.21	3	0	1	1	0	0	25	1	3	260	20.5	yurigaoka
67000	0	18	2	37.11	8	1	0	0	0	1	25	1	3	260	20.5	yurigaoka
66000	0	7	3	20.72	5	1	1	1	1	1	25	1	3	260	20.5	yurigaoka
85000	0	4	2	29.25	3	1	1	0	0	1	25	1	3	260	20.5	yurigaoka
42000	0	5	4	16	5	0	1	1	0	1	25	1	3	260	20.5	yurigaoka
61000	0	7	3	20.72	5	0	1	1	1	1	25	1	3	260	20.5	yurigaoka
51000	0	8	4	17.01	6	1	0	1	0	1	25	1	3	260	20.5	yurigaoka
55000	0	7	4	20.46	8	1	0	1	0	0	25	1	3	260	20.5	yurigaoka
62000	0	4	2	20.03	6	1	0	1	1	1	25	1	3	260	20.5	yurigaoka
65000	0	5	3	22	2	0	1	1	0	0	25	1	3	260	20.5	yurigaoka
47000	0	6	4	17.95	2	0	0	1	0	0	25	1	3	260	20.5	yurigaoka
66000	0	5	3	19.83	3	0	1	1	1	0	25	1	3	260	20.5	yurigaoka
73140	0	5	4	20.89	1	0	1	1	1	1	25	1	3	260	20.5	yurigaoka
42000	0	5	4	16	5	0	1	1	0	1	25	1	3	260	20.5	yurigaoka
45000	0	10	2	19.83	15	0	0	0	0	0	25	1	3	260	20.5	yurigaoka
50000	0	5	4	16	5	1	1	1	0	1	25	1	3	260	20.5	yurigaoka
57000	0	7	2	25	5	1	1	1	1	1	25	1	3	260	20.5	yurigaoka
47000	0	15	3	21	11	1	0	1	0	0	25	2	0	290	21.5	shin_yurigaoka
51000	0	13	3	21	9	0	0	0	0	0	25	2	0	290	21.5	shin_yurigaoka
51500	0	13	4	20.28	15	1	0	0	0	0	25	2	0	290	21.5	shin_yurigaoka
56000	0	3	2	17.28	7	1	1	0	0	1	25	2	0	290	21.5	shin_yurigaoka
59000	0	3	3	17	0	0	1	1	1	1	25	2	0	290	21.5	shin_yurigaoka
60000	6	1	3	20.16	3	1	1	1	1	1	25	2	0	290	21.5	shin_yurigaoka
65000	0	5	4	18.63	4	1	1	1	0	0	25	2	0	290	21.5	shin_yurigaoka
102000	0	5	3	28.02	7	1	1	0	0	1	25	2	0	290	21.5	shin_yurigaoka
55000	0	10	3	18.87	3	1	1	1	0	1	25	2	0	290	21.5	shin_yurigaoka
72000	0	8	4	25.96	0	1	0	1	1	1	25	2	0	290	21.5	shin_yurigaoka
39000	0	18	3	21	8	0	1	0	0	1	27	1	1	290	23.4	kakiu
48000	0	9	2	17.39	5	1	1	1	1	1	27	1	1	290	23.4	kakiu
49000	0	15	2	15.64	5	0	1	0	0	1	27	1	1	290	23.4	kakiu
49000	0	3	2	20.47	10	0	0	1	0	0	27	1	1	290	23.4	kakiu
47000	0	6	2	17.46	16	1	0	0	0	0	27	1	1	290	23.4	kakiu
63000	0	7	2	21.51	3	0	1	0	1	1	27	1	1	290	23.4	kakiu
43000	0	9	2	17.39	5	0	1	1	1	1	27	1	1	290	23.4	kakiu
44000	0	5	3	18	10	1	1	1	1	0	27	1	1	290	23.4	kakiu
29000	10	6	3	17.3	16	1	0	1	0	0	29	1	2	320	25.1	tsurukawa
32000	0	20	2	19.87	7	1	0	0	0	0	29	1	2	320	25.1	tsurukawa
38000	0	5	2	16.46	6	1	1	0	1	0	29	1	2	320	25.1	tsurukawa
47900	0	11	3	16.34	7	1	0	1	0	1	29	1	2	320	25.1	tsurukawa
41000	0	11	2	23.77	12	0	0	0	0	0	29	1	2	320	25.1	tsurukawa
40000	0	11	3	16.24	8	1	1	0	0	1	29	1	2	320	25.1	tsurukawa
44000	10	1	3	18.63	5	0	1	0	0	0	29	1	2	320	25.1	tsurukawa
46000	0	12	2	18.56	9	0	0	0	0	0	29	1	2	320	25.1	tsurukawa
45000	0	13	3	19.8	5	0	1	0	1	0	29	1	2	320	25.1	tsurukawa
48000	0	5	3	16.14	1	0	1	1	1	0	29	1	2	320	25.1	tsurukawa
53200	0	8	3	16.2	2	1	1	1	0	1	29	1	2	320	25.1	tsurukawa
58000	0	3	4	23.18	0	1	0	1	1	1	29	1	2	320	25.1	tsurukawa
45000	14	3	2	20.03	7	1	0	1	0	1	29	1	2	320	25.1	tsurukawa
48000	0	15	2	19.3	6	0	0	1	0	1	29	1	2	320	25.1	tsurukawa
57000	0	10	4	18.7	1	1	1	1	1	1	29	1	2	320	25.1	tsurukawa
59000	0	12	1	17.55	1	1	1	1	1	1	29	1	2	320	25.1	tsurukawa
61000	6	3	1	19.57	0	1	1	1	1	1	29	1	2	320	25.1	tsurukawa
45000	10	3	1	17.7	2	0	1	1	0	1	29	1	2	320	25.1	tsurukawa
60000	0	10	2	23.18	3	0	1	0	0	0	29	1	2	320	25.1	tsurukawa
39000	0	11	4	16.24	8	1	1	1	0	1	29	1	2	320	25.1	tsurukawa
48000	0	15	4	19.03	6	0	0	1	0	0	29	1	2	320	25.1	tsurukawa
41000	0	12	3	16.17	7	0	1	0	1	1	32	1	3	320	27.9	tamagawa_gakuen_mae
44000	0	8	3	13.05	8	0	1	0	0	0	32	1	3	320	27.9	tamagawa_gakuen_mae
45000	0	18	3	19.57	4	1	1	0	0	0	32	1	3	320	27.9	tamagawa_gakuen_mae
46000	0	14	2	23.1	10	0	0	1	0	1	32	1	3	320	27.9	tamagawa_gakuen_mae
45000	0	15	3	23.27	14	1	0	1	0	0	32	1	3	320	27.9	tamagawa_gakuen_mae
45000	0	4	3	18	10	1	0	1	0	1	32	1	3	320	27.9	tamagawa_gakuen_mae
49000	0	6	4	17.01	9	1	1	0	0	1	32	1	3	320	27.9	tamagawa_gakuen_mae
52000	0	17	3	19.87	7	0	0	1	0	1	32	1	3	320	27.9	tamagawa_gakuen_mae
51000	0	18	2	20.03	5	0	1	1	1	1	32	1	3	320	27.9	tamagawa_gakuen_mae
58000	0	6	4	20.59	8	1	1	0	0	1	32	1	3	320	27.9	tamagawa_gakuen_mae
57000	0	12	3	24.78	2	1	1	0	1	0	32	1	3	320	27.9	tamagawa_gakuen_mae
60000	0	10	3	21.06	2	0	1	1	1	1	32	1	3	320	27.9	tamagawa_gakuen_mae
73000	0	2	3	24.75	4	1	1	0	1	1	32	1	3	320	27.9	tamagawa_gakuen_mae
58000	0	6	3	20.88	8	1	1	0	0	1	32	1	3	320	27.9	tamagawa_gakuen_mae
59000	0	6	3	20.88	8	1	1	0	0	1	32	1	3	320	27.9	tamagawa_gakuen_mae
25000	0	15	2	16.3	20	0	0	1	0	0	34	3	0	350	30.8	machida
30000	0	8	1	23.1	17	1	0	1	0	0	34	3	0	350	30.8	machida
39000	20	1	4	19.83	20	1	0	1	0	0	34	3	0	350	30.8	machida
41000	20	1	3	18.63	4	1	1	0	0	0	34	3	0	350	30.8	machida
43000	0	10	3	18.63	6	0	0	0	0	0	34	3	0	350	30.8	machida
48000	0	8	3	14.49	6	0	1	0	1	0	34	3	0	350	30.8	machida
45000	0	8	4	13.66	7	0	1	1	0	1	34	3	0	350	30.8	machida
49000	0	17	4	19.57	8	0	1	1	0	1	34	3	0	350	30.8	machida
48000	0	7	2	16.47	8	0	1	1	1	1	34	3	0	350	30.8	machida
45000	0	15	4	18.63	5	0	1	0	0	0	34	3	0	350	30.8	machida
50000	0	13	3	18.78	6	1	1	0	0	1	34	3	0	350	30.8	machida
51000	0	10	3	18	6	1	0	0	0	1	34	3	0	350	30.8	machida
51000	0	17	2	19.44	13	0	0	1	0	1	34	3	0	350	30.8	machida
50000	0	13	3	17.95	7	1	1	1	0	1	34	3	0	350	30.8	machida
55000	0	8	3	17.04	7	1	1	0	0	1	34	3	0	350	30.8	machida
51000	0	10	3	17.86	6	1	0	0	0	0	34	3	0	350	30.8	machida
50000	0	10	3	16.63	9	0	1	1	0	1	34	3	0	350	30.8	machida
53000	0	12	4	17.34	10	1	1	1	0	1	34	3	0	350	30.8	machida
54000	20	1	3	19.57	2	1	1	0	0	1	34	3	0	350	30.8	machida
53000	0	10	1	19.44	7	1	1	0	0	0	34	3	0	350	30.8	machida
56500	0	13	4	18.57	3	1	1	1	1	1	34	3	0	350	30.8	machida
56500	0	13	4	16.51	3	1	1	1	1	1	34	3	0	350	30.8	machida
55000	0	12	4	21.2	7	1	0	1	0	0	34	3	0	350	30.8	machida
58000	0	9	4	19.67	6	1	0	1	0	1	34	3	0	350	30.8	machida
57000	0	10	2	19.44	7	1	0	0	0	1	34	3	0	350	30.8	machida
54000	0	15	2	19.83	10	1	0	1	0	1	34	3	0	350	30.8	machida
59000	0	12	2	15.52	0	0	1	0	1	0	34	3	0	350	30.8	machida
63000	0	6	4	16.74	1	1	1	0	0	1	34	3	0	350	30.8	machida
62000	0	7	4	25.06	8	1	1	1	0	1	34	3	0	350	30.8	machida
60000	0	8	3	20.65	9	1	1	0	0	1	34	3	0	350	30.8	machida
65000	0	10	3	19	4	1	1	1	1	1	34	3	0	350	30.8	machida
63000	0	5	4	19.43	2	0	1	0	0	1	34	3	0	350	30.8	machida
65000	0	6	3	23.4	4	1	1	1	0	1	34	3	0	350	30.8	machida
78000	0	2	4	29	8	1	1	0	0	1	34	3	0	350	30.8	machida
160000	0	5	4	46.92	5	1	1	1	1	1	34	3	0	350	30.8	machida
53000	0	12	3	18	12	1	1	1	0	1	34	3	0	350	30.8	machida
63000	0	6	4	17.82	7	1	0	1	1	1	34	3	0	350	30.8	machida
64000	0	4	4	20.09	1	0	1	1	0	1	34	3	0	350	30.8	machida
43000	20	3	2	16.2	6	1	1	1	1	1	34	3	0	350	30.8	machida
50000	0	13	3	17.95	8	1	1	1	0	1	34	3	0	350	30.8	machida
52000	0	10	4	17.39	8	1	0	1	0	0	34	3	0	350	30.8	machida
51000	0	7	2	16.47	8	1	1	1	1	1	34	3	0	350	30.8	machida
51000	0	10	4	17.28	8	1	1	1	1	0	34	3	0	350	30.8	machida
55000	0	5	3	28	12	1	0	1	0	1	34	3	0	350	30.8	machida
54000	0	4	4	21.21	12	1	0	1	0	1	34	3	0	350	30.8	machida
57000	0	7	3	23.76	8	1	1	1	0	1	34	3	0	350	30.8	machida
56000	0	10	4	19	8	1	0	1	0	1	34	3	0	350	30.8	machida
60000	0	13	4	17.3	4	1	1	0	0	1	34	3	0	350	30.8	machida
62000	0	6	4	16.74	1	1	1	0	0	1	34	3	0	350	30.8	machida
62000	0	9	3	17.7	8	1	0	0	0	1	34	3	0	350	30.8	machida
47000	0	15	4	18.63	5	1	1	0	0	0	34	3	0	350	30.8	machida
60000	0	6	4	28.31	9	1	1	0	0	0	34	3	0	350	30.8	machida
60000	0	5	3	17.32	7	1	1	0	0	1	34	3	0	350	30.8	machida
55000	0	8	4	17.64	6	0	1	1	0	1	34	3	0	350	30.8	machida
77000	0	3	3	27.21	9	1	1	1	0	1	34	3	0	350	30.8	machida
50000	0	10	3	18.63	6	1	1	0	0	0	34	3	0	350	30.8	machida
61000	0	12	4	19.5	4	1	1	1	0	1	34	3	0	350	30.8	machida
50000	0	15	4	18.63	8	1	0	1	0	0	34	3	0	350	30.8	machida
51000	0	10	3	17.19	4	1	1	0	0	0	34	3	0	350	30.8	machida
51000	0	10	4	19.8	8	1	0	1	0	0	34	3	0	350	30.8	machida
59000	0	5	3	17.32	7	1	1	0	0	1	34	3	0	350	30.8	machida
58000	0	4	3	19.44	9	0	0	1	0	1	34	3	0	350	30.8	machida
57000	0	7	4	22.14	7	0	1	1	1	1	34	3	0	350	30.8	machida
58000	0	8	3	18.5	8	1	1	1	0	1	34	3	0	350	30.8	machida
61000	0	12	2	15.34	0	1	1	0	1	0	34	3	0	350	30.8	machida
64000	0	6	2	18.9	7	1	1	1	0	1	34	3	0	350	30.8	machida
75000	0	7	4	24.81	3	0	0	1	0	0	34	3	0	350	30.8	machida
